1 3.93907e-06
2 7.39092e-06
3 1.1386e-05
4 1.57474e-05
5 2.08015e-05
6 2.60684e-05
7 3.11056e-05
8 3.59892e-05
9 4.09446e-05
10 4.60243e-05
11 5.10204e-05
12 5.59827e-05
13 6.12932e-05
14 6.67008e-05
15 7.23304e-05
16 7.80525e-05
17 8.38593e-05
18 8.97933e-05
19 9.5976e-05
20 0.000102352
21 0.000108964
22 0.00011571
23 0.000122684
24 0.000129948
25 0.000137528
26 0.000145195
27 0.000152846
28 0.0001606
29 0.000168514
30 0.000176733
31 0.000185089
32 0.000193677
33 0.000202505
34 0.000211648
35 0.000221105
36 0.000230875
37 0.000241108
38 0.000251692
39 0.000262628
40 0.000273942
41 0.000285663
42 0.000297897
43 0.000310598
44 0.000323676
45 0.000337605
46 0.000352144
47 0.000367251
48 0.000383315
49 0.000399994
50 0.000417368
51 0.000435317
52 0.000453697
53 0.000472509
54 0.000492099
55 0.00051237
56 0.000533605
57 0.000555982
58 0.0005794
59 0.000604365
60 0.000630627
61 0.000658348
62 0.000687338
63 0.000718304
64 0.000750558
65 0.000784734
66 0.000820872
67 0.000860243
68 0.000901864
69 0.000946766
70 0.000995105
71 0.00104702
72 0.00110313
73 0.00116281
74 0.00122801
75 0.00129877
76 0.00137362
77 0.00145842
78 0.00155374
79 0.00165477
80 0.00176792
81 0.001914
82 0.0020783
83 0.00226132
84 0.00246737
85 0.00270058
86 0.00296012
87 0.00326673
88 0.00361373
89 0.00401865
90 0.00447263
91 0.00504563
92 0.00574254
93 0.00669164
94 0.00786918
95 0.00953575
96 0.0125889
97 0.016746
98 0.0225668
99 0.0320547
100 0.0530063
