1 4.02501e-06
2 8.42935e-06
3 1.29983e-05
4 1.75552e-05
5 2.20536e-05
6 2.64843e-05
7 3.08545e-05
8 3.53011e-05
9 3.97873e-05
10 4.44225e-05
11 4.92584e-05
12 5.42539e-05
13 5.95017e-05
14 6.48833e-05
15 7.03796e-05
16 7.59211e-05
17 8.15123e-05
18 8.73743e-05
19 9.34641e-05
20 9.97277e-05
21 0.000106129
22 0.000112731
23 0.000119564
24 0.000126552
25 0.000133663
26 0.000140737
27 0.000147998
28 0.000155542
29 0.000163288
30 0.000171302
31 0.000179662
32 0.000188528
33 0.000197705
34 0.000207115
35 0.000216697
36 0.000226441
37 0.000236712
38 0.000247294
39 0.00025809
40 0.000269206
41 0.000280773
42 0.000293002
43 0.00030561
44 0.00031853
45 0.000332075
46 0.000346597
47 0.000361676
48 0.000377313
49 0.000393731
50 0.000410676
51 0.000428388
52 0.000446672
53 0.000465408
54 0.000484947
55 0.000505374
56 0.000526646
57 0.000548954
58 0.000572457
59 0.000597026
60 0.000622983
61 0.000650031
62 0.000678241
63 0.000707615
64 0.000738475
65 0.000770857
66 0.000804409
67 0.000839572
68 0.00087622
69 0.000914342
70 0.00095459
71 0.000997545
72 0.00104573
73 0.00109691
74 0.00115151
75 0.00121104
76 0.00127493
77 0.00134663
78 0.00142373
79 0.00150596
80 0.00159388
81 0.00168729
82 0.0017892
83 0.00190144
84 0.00202065
85 0.00215188
86 0.00229537
87 0.00246041
88 0.00266868
89 0.00291703
90 0.00319553
91 0.00350985
92 0.00388216
93 0.00437631
94 0.00498431
95 0.00577305
96 0.00701495
97 0.00916596
98 0.0122474
99 0.0159079
100 0.0215271
