1 4.53183e-06
2 8.86442e-06
3 1.33918e-05
4 1.76236e-05
5 2.19764e-05
6 2.64311e-05
7 3.11069e-05
8 3.58074e-05
9 4.05223e-05
10 4.54942e-05
11 5.06428e-05
12 5.59818e-05
13 6.14927e-05
14 6.71239e-05
15 7.29112e-05
16 7.88374e-05
17 8.48305e-05
18 9.08385e-05
19 9.71434e-05
20 0.000103534
21 0.000110005
22 0.000116812
23 0.00012385
24 0.000130985
25 0.000138206
26 0.000145612
27 0.000153238
28 0.000161162
29 0.000169197
30 0.000177523
31 0.000186235
32 0.000195174
33 0.000204338
34 0.000213683
35 0.00022321
36 0.000232958
37 0.000243027
38 0.00025337
39 0.000264056
40 0.000274926
41 0.000286112
42 0.000297834
43 0.00030982
44 0.000322065
45 0.000334582
46 0.000347713
47 0.00036161
48 0.000376589
49 0.000392322
50 0.000408609
51 0.000425468
52 0.000442904
53 0.000461103
54 0.00047991
55 0.000499719
56 0.00052027
57 0.000541909
58 0.000564241
59 0.000588304
60 0.0006139
61 0.000640208
62 0.000667746
63 0.000697144
64 0.000727496
65 0.000759389
66 0.000793721
67 0.000829248
68 0.000867314
69 0.000908639
70 0.000951799
71 0.000999657
72 0.00105015
73 0.00110444
74 0.00116144
75 0.00122162
76 0.00128774
77 0.00135948
78 0.00144049
79 0.00153675
80 0.00164112
81 0.00175978
82 0.00189218
83 0.00203771
84 0.00220496
85 0.00239065
86 0.00259017
87 0.00280799
88 0.0030584
89 0.00332518
90 0.00363201
91 0.00399158
92 0.00440466
93 0.00486182
94 0.00555175
95 0.00645948
96 0.00754189
97 0.00884077
98 0.0106385
99 0.0127318
100 0.0163759
