1 3.62294e-06
2 7.79552e-06
3 1.1921e-05
4 1.59724e-05
5 2.00788e-05
6 2.44002e-05
7 2.89433e-05
8 3.35588e-05
9 3.82754e-05
10 4.31582e-05
11 4.82645e-05
12 5.35162e-05
13 5.88266e-05
14 6.41352e-05
15 6.95473e-05
16 7.51697e-05
17 8.08946e-05
18 8.68075e-05
19 9.29146e-05
20 9.90863e-05
21 0.000105418
22 0.000112001
23 0.000118941
24 0.000126175
25 0.000133676
26 0.000141383
27 0.000149342
28 0.000157613
29 0.00016615
30 0.000174879
31 0.000183827
32 0.000193046
33 0.000202571
34 0.000212468
35 0.000222648
36 0.000232933
37 0.000243473
38 0.000254242
39 0.000265359
40 0.000276804
41 0.000288777
42 0.000301282
43 0.000314181
44 0.000327708
45 0.000341713
46 0.000356272
47 0.00037162
48 0.000387199
49 0.000403382
50 0.000420414
51 0.000438211
52 0.000456736
53 0.000476617
54 0.000498215
55 0.000520777
56 0.000544433
57 0.000568841
58 0.000594602
59 0.000621376
60 0.000649834
61 0.000679398
62 0.000709991
63 0.000741395
64 0.000773834
65 0.000807115
66 0.000843004
67 0.000881242
68 0.000921454
69 0.000964177
70 0.00100914
71 0.00105648
72 0.00110587
73 0.0011576
74 0.00121385
75 0.00127484
76 0.0013418
77 0.00141424
78 0.00149595
79 0.00158985
80 0.00169592
81 0.00180986
82 0.00193957
83 0.00208275
84 0.0022433
85 0.00242581
86 0.00262433
87 0.00285574
88 0.00312522
89 0.00344143
90 0.00384
91 0.00431299
92 0.00489799
93 0.00563199
94 0.00645991
95 0.00750912
96 0.00914238
97 0.0131605
98 0.0222891
99 0.0345262
100 0.0614857
