1 4.53659e-06
2 8.22742e-06
3 1.20916e-05
4 1.62038e-05
5 2.05202e-05
6 2.50889e-05
7 2.97286e-05
8 3.43642e-05
9 3.92475e-05
10 4.42628e-05
11 4.9485e-05
12 5.49402e-05
13 6.03484e-05
14 6.57819e-05
15 7.14381e-05
16 7.71963e-05
17 8.32295e-05
18 8.95664e-05
19 9.59548e-05
20 0.000102494
21 0.000109216
22 0.000116035
23 0.000122985
24 0.000129991
25 0.00013701
26 0.000144104
27 0.000151366
28 0.000158718
29 0.000166232
30 0.000173902
31 0.000181812
32 0.000189982
33 0.000198384
34 0.000207231
35 0.000216428
36 0.000225933
37 0.000235623
38 0.000245682
39 0.000256107
40 0.000266812
41 0.000277902
42 0.000289404
43 0.0003015
44 0.000314149
45 0.000327155
46 0.000340703
47 0.000354766
48 0.000369547
49 0.000384724
50 0.000400648
51 0.000417448
52 0.000435039
53 0.00045356
54 0.000472603
55 0.000492184
56 0.000512591
57 0.000533866
58 0.000556514
59 0.000580202
60 0.000604988
61 0.000630527
62 0.000657145
63 0.000684905
64 0.000714054
65 0.000744406
66 0.000776625
67 0.000810879
68 0.000846722
69 0.000884434
70 0.000925409
71 0.000968276
72 0.0010143
73 0.00106322
74 0.00111706
75 0.00117439
76 0.00123572
77 0.00129958
78 0.00136886
79 0.00144305
80 0.00152264
81 0.00160718
82 0.00169965
83 0.00180011
84 0.0019061
85 0.00202507
86 0.00215787
87 0.00230982
88 0.00247799
89 0.00266818
90 0.00288596
91 0.0031664
92 0.00353827
93 0.0039981
94 0.00456181
95 0.00528145
96 0.006195
97 0.00736561
98 0.0091095
99 0.0120131
100 0.0185437
