1 4.15661e-06
2 8.30033e-06
3 1.26144e-05
4 1.70187e-05
5 2.15431e-05
6 2.60194e-05
7 3.06512e-05
8 3.52988e-05
9 3.9867e-05
10 4.47021e-05
11 4.97431e-05
12 5.4973e-05
13 6.03109e-05
14 6.57923e-05
15 7.16217e-05
16 7.75183e-05
17 8.34579e-05
18 8.94645e-05
19 9.5513e-05
20 0.000101598
21 0.000107771
22 0.000114045
23 0.000120501
24 0.000127183
25 0.000133969
26 0.000141066
27 0.000148443
28 0.000156025
29 0.00016381
30 0.000171797
31 0.00018001
32 0.000188497
33 0.000197476
34 0.000206751
35 0.000216301
36 0.000226231
37 0.000236509
38 0.000247025
39 0.000257911
40 0.000269315
41 0.000281189
42 0.000293264
43 0.000305905
44 0.000318991
45 0.000332591
46 0.000346909
47 0.000361691
48 0.000376975
49 0.000392815
50 0.000409224
51 0.000426503
52 0.000444619
53 0.000463462
54 0.000483001
55 0.000503429
56 0.000524521
57 0.000546401
58 0.000569552
59 0.000593505
60 0.000618737
61 0.000644834
62 0.000672285
63 0.000701139
64 0.000731877
65 0.000764226
66 0.00079777
67 0.000833434
68 0.000870586
69 0.000909589
70 0.000952192
71 0.000997089
72 0.00104446
73 0.00109447
74 0.00114909
75 0.00120867
76 0.00127218
77 0.00133979
78 0.00141551
79 0.0014992
80 0.00158756
81 0.00168283
82 0.00178293
83 0.00189034
84 0.00201264
85 0.00216442
86 0.00234628
87 0.00254534
88 0.00276559
89 0.00301913
90 0.00332732
91 0.00371018
92 0.00418434
93 0.0047867
94 0.00551031
95 0.00646046
96 0.00803248
97 0.0116081
98 0.0185739
99 0.0399608
100 0.0752
