1 3.71007e-06
2 7.32264e-06
3 1.12324e-05
4 1.54446e-05
5 1.96459e-05
6 2.38808e-05
7 2.82943e-05
8 3.26808e-05
9 3.6969e-05
10 4.14038e-05
11 4.60385e-05
12 5.07536e-05
13 5.57642e-05
14 6.09109e-05
15 6.60362e-05
16 7.13251e-05
17 7.66499e-05
18 8.21543e-05
19 8.79404e-05
20 9.39721e-05
21 0.000100212
22 0.000106547
23 0.00011297
24 0.000119547
25 0.000126376
26 0.000133289
27 0.000140236
28 0.000147372
29 0.000154742
30 0.000162386
31 0.000170345
32 0.000178625
33 0.000187261
34 0.000196238
35 0.000205596
36 0.000215222
37 0.000225197
38 0.000235352
39 0.000245582
40 0.000256276
41 0.000267332
42 0.000278906
43 0.000291013
44 0.000303739
45 0.000317066
46 0.000331111
47 0.000345834
48 0.00036115
49 0.000377102
50 0.00039379
51 0.000411293
52 0.00042934
53 0.000448336
54 0.000468387
55 0.000489395
56 0.000511588
57 0.000534649
58 0.000558617
59 0.000583712
60 0.000610296
61 0.00063843
62 0.000667951
63 0.000698893
64 0.000730986
65 0.000764422
66 0.00079952
67 0.000838691
68 0.000880279
69 0.000924144
70 0.00097255
71 0.00102379
72 0.00107778
73 0.00113555
74 0.0011986
75 0.00126509
76 0.00133351
77 0.00140792
78 0.00148721
79 0.00157161
80 0.00166676
81 0.00178286
82 0.00191798
83 0.00207328
84 0.0022487
85 0.00245
86 0.00267875
87 0.00293888
88 0.00323655
89 0.00356758
90 0.0039309
91 0.00435377
92 0.00484342
93 0.00545638
94 0.00627828
95 0.00726729
96 0.0085157
97 0.0108918
98 0.0141784
99 0.0191016
100 0.0257301
