1 4.48963e-06
2 9.01999e-06
3 1.32453e-05
4 1.76676e-05
5 2.23673e-05
6 2.72398e-05
7 3.22434e-05
8 3.74212e-05
9 4.27443e-05
10 4.78826e-05
11 5.31025e-05
12 5.84788e-05
13 6.3958e-05
14 6.94618e-05
15 7.51296e-05
16 8.09661e-05
17 8.69035e-05
18 9.29196e-05
19 9.89765e-05
20 0.000105174
21 0.000111535
22 0.000118034
23 0.000124723
24 0.000131553
25 0.000138584
26 0.000145743
27 0.000153156
28 0.00016092
29 0.000168968
30 0.000177416
31 0.000186051
32 0.000194975
33 0.000204166
34 0.000213786
35 0.00022377
36 0.00023398
37 0.000244501
38 0.000255367
39 0.000266521
40 0.000277996
41 0.000289801
42 0.000302025
43 0.00031506
44 0.000328744
45 0.000342993
46 0.000357489
47 0.000372441
48 0.00038798
49 0.000404116
50 0.000420755
51 0.000437839
52 0.000455403
53 0.000473993
54 0.000493512
55 0.000514122
56 0.000536362
57 0.000559576
58 0.000583785
59 0.000608864
60 0.000634492
61 0.000661036
62 0.000688935
63 0.000718318
64 0.000749883
65 0.000782547
66 0.000817442
67 0.000854566
68 0.000894688
69 0.000937574
70 0.000983164
71 0.00103166
72 0.00108463
73 0.00113949
74 0.00119643
75 0.00125848
76 0.00132743
77 0.00140876
78 0.00149776
79 0.00159607
80 0.00170202
81 0.00181882
82 0.00195405
83 0.00210628
84 0.00227573
85 0.00246001
86 0.00268092
87 0.0029283
88 0.00322701
89 0.00357455
90 0.00398541
91 0.00446229
92 0.00498274
93 0.00563552
94 0.00654206
95 0.00785165
96 0.00956266
97 0.0132274
98 0.0197874
99 0.0399385
100 0.0677837
