1 4.81537e-06
2 9.67163e-06
3 1.46161e-05
4 1.91739e-05
5 2.3396e-05
6 2.7685e-05
7 3.21287e-05
8 3.67525e-05
9 4.15246e-05
10 4.64607e-05
11 5.16174e-05
12 5.68648e-05
13 6.22321e-05
14 6.77149e-05
15 7.32918e-05
16 7.89765e-05
17 8.49724e-05
18 9.10941e-05
19 9.72668e-05
20 0.000103595
21 0.000110087
22 0.000116635
23 0.000123414
24 0.000130388
25 0.000137455
26 0.000144646
27 0.000151992
28 0.000159581
29 0.000167453
30 0.000175578
31 0.000183818
32 0.000192324
33 0.000201117
34 0.00021028
35 0.00021979
36 0.000229659
37 0.000239887
38 0.00025044
39 0.000261212
40 0.000272433
41 0.000284081
42 0.000296182
43 0.000308664
44 0.000321681
45 0.00033498
46 0.000348929
47 0.000363509
48 0.000378642
49 0.000394481
50 0.000410979
51 0.000427871
52 0.000445243
53 0.000463482
54 0.00048241
55 0.000502323
56 0.000523067
57 0.000544755
58 0.00056755
59 0.000591411
60 0.000616675
61 0.000643439
62 0.000671368
63 0.00070019
64 0.000730267
65 0.00076135
66 0.000794248
67 0.000829066
68 0.00086612
69 0.000905933
70 0.000948675
71 0.000995936
72 0.00104761
73 0.00110441
74 0.00116571
75 0.00123212
76 0.00130235
77 0.00138225
78 0.00146737
79 0.00155672
80 0.00165091
81 0.00175165
82 0.00186747
83 0.00199765
84 0.00215523
85 0.00234639
86 0.00257597
87 0.00283081
88 0.00311179
89 0.00342133
90 0.00377746
91 0.00426711
92 0.00488814
93 0.00567703
94 0.00674438
95 0.00819149
96 0.010257
97 0.0137591
98 0.0230106
99 0.0555833
100 0.0908225
