1 4.14908e-06
2 8.63004e-06
3 1.30874e-05
4 1.74598e-05
5 2.17288e-05
6 2.61298e-05
7 3.07448e-05
8 3.53636e-05
9 4.0005e-05
10 4.48945e-05
11 5.01071e-05
12 5.55436e-05
13 6.10688e-05
14 6.6596e-05
15 7.21597e-05
16 7.78757e-05
17 8.39377e-05
18 9.00626e-05
19 9.63251e-05
20 0.000102652
21 0.000109085
22 0.000115751
23 0.000122629
24 0.00012963
25 0.000136857
26 0.000144159
27 0.000151607
28 0.00015935
29 0.000167438
30 0.000175811
31 0.000184587
32 0.000193682
33 0.000202983
34 0.000212438
35 0.000222063
36 0.000231942
37 0.000241985
38 0.000252575
39 0.000263693
40 0.000275011
41 0.000286891
42 0.000299207
43 0.000311687
44 0.000324535
45 0.000337863
46 0.000351745
47 0.000366207
48 0.000381587
49 0.000397414
50 0.000413973
51 0.000431159
52 0.000448945
53 0.000467302
54 0.000486599
55 0.000506862
56 0.000528586
57 0.000551428
58 0.000575987
59 0.000602242
60 0.000630161
61 0.000659399
62 0.000690183
63 0.000722534
64 0.000756861
65 0.000793025
66 0.000831973
67 0.00087293
68 0.000916834
69 0.000963177
70 0.0010118
71 0.00106321
72 0.00111897
73 0.00117873
74 0.00124369
75 0.00131643
76 0.00139525
77 0.00148234
78 0.0015769
79 0.00168196
80 0.001796
81 0.00192061
82 0.0020549
83 0.00220634
84 0.00237799
85 0.00257413
86 0.00280005
87 0.00308506
88 0.00344436
89 0.00386207
90 0.00437064
91 0.00495058
92 0.0056411
93 0.00656901
94 0.00820785
95 0.011486
96 0.0158179
97 0.022355
98 0.0315728
99 0.0493189
100 0.0845373
