1 3.3013e-06
2 7.51282e-06
3 1.17051e-05
4 1.58495e-05
5 1.98309e-05
6 2.39452e-05
7 2.83507e-05
8 3.27346e-05
9 3.74047e-05
10 4.21904e-05
11 4.68992e-05
12 5.17021e-05
13 5.67279e-05
14 6.20139e-05
15 6.72784e-05
16 7.25507e-05
17 7.80292e-05
18 8.36643e-05
19 8.93441e-05
20 9.52076e-05
21 0.000101274
22 0.000107402
23 0.00011373
24 0.000120272
25 0.000127019
26 0.000133977
27 0.000141227
28 0.000148717
29 0.000156584
30 0.000164743
31 0.000173177
32 0.000181817
33 0.000190724
34 0.000200062
35 0.000209646
36 0.000219668
37 0.000229918
38 0.000240416
39 0.000251264
40 0.000262318
41 0.000273843
42 0.000285891
43 0.000298435
44 0.000311417
45 0.000324781
46 0.000338648
47 0.00035287
48 0.00036726
49 0.000381965
50 0.00039709
51 0.000413039
52 0.00042963
53 0.000446696
54 0.000464471
55 0.000483109
56 0.000503362
57 0.000524892
58 0.000546991
59 0.000570151
60 0.00059455
61 0.000620076
62 0.000647436
63 0.000676321
64 0.000706209
65 0.000737572
66 0.00077053
67 0.000805625
68 0.000843309
69 0.00088345
70 0.000926979
71 0.000974736
72 0.00102581
73 0.00108092
74 0.00113997
75 0.00120421
76 0.00127256
77 0.0013479
78 0.00143375
79 0.00152815
80 0.00162898
81 0.00173936
82 0.00186134
83 0.00199105
84 0.00213055
85 0.00228495
86 0.00245483
87 0.00264192
88 0.0028537
89 0.00311484
90 0.00342377
91 0.00378874
92 0.00426041
93 0.00493369
94 0.00579327
95 0.00694674
96 0.0083626
97 0.0105406
98 0.0136968
99 0.0196461
100 0.0296031
