1 4.07924e-06
2 8.31944e-06
3 1.27544e-05
4 1.70314e-05
5 2.12827e-05
6 2.58153e-05
7 3.06328e-05
8 3.56137e-05
9 4.08205e-05
10 4.60599e-05
11 5.12415e-05
12 5.66065e-05
13 6.20403e-05
14 6.74823e-05
15 7.2833e-05
16 7.80889e-05
17 8.3468e-05
18 8.89021e-05
19 9.44872e-05
20 0.000100224
21 0.000106127
22 0.000112307
23 0.000118619
24 0.000125246
25 0.000132098
26 0.000139136
27 0.000146483
28 0.000154061
29 0.000161887
30 0.000169794
31 0.000177862
32 0.000186064
33 0.000194329
34 0.000202805
35 0.00021164
36 0.000221043
37 0.000230823
38 0.000240807
39 0.000251145
40 0.000261921
41 0.000272998
42 0.000284409
43 0.000296329
44 0.000308618
45 0.000321272
46 0.000334153
47 0.000347463
48 0.000361304
49 0.000375497
50 0.000390291
51 0.000405797
52 0.00042219
53 0.000439598
54 0.000457269
55 0.000475818
56 0.000494957
57 0.000515309
58 0.000537275
59 0.000560821
60 0.000585293
61 0.000610873
62 0.000637587
63 0.0006656
64 0.000694842
65 0.000725403
66 0.000757915
67 0.000792558
68 0.000828967
69 0.00086776
70 0.000909256
71 0.000954796
72 0.00100318
73 0.00105423
74 0.00110876
75 0.00116795
76 0.00122941
77 0.00129531
78 0.00136799
79 0.00144884
80 0.00153792
81 0.00163322
82 0.00174115
83 0.00186127
84 0.00199366
85 0.00214603
86 0.0023237
87 0.00252842
88 0.00280009
89 0.0031297
90 0.00350392
91 0.00392268
92 0.00447033
93 0.00512814
94 0.00596591
95 0.00691375
96 0.008153
97 0.0100632
98 0.0131288
99 0.0185599
100 0.0313159
