1 4.75161e-06
2 9.40603e-06
3 1.38616e-05
4 1.81532e-05
5 2.25656e-05
6 2.74181e-05
7 3.24629e-05
8 3.74851e-05
9 4.23537e-05
10 4.7303e-05
11 5.24355e-05
12 5.75319e-05
13 6.26569e-05
14 6.7782e-05
15 7.31835e-05
16 7.89561e-05
17 8.50162e-05
18 9.11788e-05
19 9.74067e-05
20 0.000103749
21 0.000110257
22 0.000116864
23 0.000123757
24 0.000130917
25 0.000138196
26 0.000145736
27 0.000153694
28 0.000161884
29 0.000170313
30 0.000178788
31 0.000187405
32 0.000196274
33 0.000205331
34 0.000214658
35 0.000224279
36 0.000234213
37 0.000244288
38 0.000254735
39 0.00026567
40 0.000277107
41 0.000288838
42 0.00030091
43 0.00031346
44 0.000326255
45 0.000339775
46 0.000354135
47 0.000369058
48 0.000384294
49 0.000399926
50 0.000416071
51 0.000432842
52 0.000450041
53 0.000467988
54 0.000486193
55 0.000504791
56 0.000524123
57 0.000544517
58 0.000566035
59 0.000588272
60 0.000612055
61 0.000636703
62 0.000663368
63 0.000691036
64 0.000719421
65 0.000748968
66 0.000779912
67 0.000812608
68 0.000847615
69 0.000886564
70 0.000928313
71 0.000971871
72 0.00102064
73 0.00107927
74 0.00114342
75 0.00121191
76 0.00128697
77 0.00136893
78 0.00145752
79 0.00155537
80 0.00166114
81 0.00178207
82 0.00191942
83 0.00207222
84 0.00224315
85 0.0024487
86 0.00268109
87 0.00294764
88 0.00325016
89 0.00358907
90 0.00397171
91 0.00439412
92 0.00488442
93 0.00553054
94 0.00634698
95 0.00748527
96 0.00896399
97 0.0111105
98 0.0146042
99 0.02164
100 0.0438594
