1 4.41324e-06
2 8.3451e-06
3 1.24398e-05
4 1.65937e-05
5 2.09656e-05
6 2.5432e-05
7 2.98237e-05
8 3.42011e-05
9 3.86847e-05
10 4.33875e-05
11 4.80228e-05
12 5.2737e-05
13 5.76653e-05
14 6.27649e-05
15 6.80064e-05
16 7.33467e-05
17 7.8762e-05
18 8.4449e-05
19 9.02701e-05
20 9.62343e-05
21 0.000102441
22 0.00010885
23 0.000115427
24 0.00012212
25 0.000128934
26 0.00013592
27 0.000142967
28 0.000150274
29 0.000157868
30 0.000165801
31 0.000174016
32 0.00018246
33 0.000191171
34 0.00020006
35 0.000209126
36 0.000218333
37 0.000227799
38 0.000237423
39 0.000247353
40 0.000257656
41 0.000268226
42 0.000279316
43 0.000290763
44 0.000302714
45 0.000315103
46 0.000327908
47 0.000341429
48 0.000355373
49 0.000369997
50 0.00038518
51 0.000401049
52 0.000418007
53 0.000435667
54 0.000454029
55 0.00047303
56 0.000492376
57 0.000512169
58 0.000532595
59 0.000553888
60 0.000575943
61 0.000598932
62 0.000623309
63 0.000649691
64 0.000679022
65 0.000712797
66 0.000748471
67 0.000786289
68 0.000825867
69 0.000867654
70 0.00091257
71 0.000961021
72 0.00101163
73 0.00106639
74 0.00112735
75 0.00119421
76 0.00126643
77 0.00134172
78 0.00142197
79 0.00151239
80 0.00160777
81 0.0017209
82 0.0018465
83 0.00198304
84 0.00212949
85 0.00229715
86 0.00248299
87 0.00268769
88 0.00291439
89 0.00319986
90 0.00353824
91 0.00400049
92 0.00468123
93 0.0055578
94 0.00660017
95 0.0079007
96 0.00965487
97 0.0117916
98 0.0154787
99 0.0223209
100 0.0308485
