1 4.00402e-06
2 8.34545e-06
3 1.23733e-05
4 1.66727e-05
5 2.09239e-05
6 2.53156e-05
7 2.98972e-05
8 3.46491e-05
9 3.93677e-05
10 4.40942e-05
11 4.89802e-05
12 5.39464e-05
13 5.89855e-05
14 6.41877e-05
15 6.96109e-05
16 7.50575e-05
17 8.06533e-05
18 8.64064e-05
19 9.25159e-05
20 9.8705e-05
21 0.00010499
22 0.000111467
23 0.00011833
24 0.000125272
25 0.000132331
26 0.000139561
27 0.00014693
28 0.000154476
29 0.000162233
30 0.000170233
31 0.000178441
32 0.000186778
33 0.000195428
34 0.000204392
35 0.000213652
36 0.000223234
37 0.000233246
38 0.000243582
39 0.000254376
40 0.000265483
41 0.000276752
42 0.000288313
43 0.000300138
44 0.000312211
45 0.000324599
46 0.000337392
47 0.000350632
48 0.000364623
49 0.000379229
50 0.000394268
51 0.000409946
52 0.000426262
53 0.000443098
54 0.000460487
55 0.000479005
56 0.000498309
57 0.000518613
58 0.000539763
59 0.000561389
60 0.000584097
61 0.00060815
62 0.000633802
63 0.00066129
64 0.000690689
65 0.000722864
66 0.000757129
67 0.00079339
68 0.000831684
69 0.000871268
70 0.000913125
71 0.000957589
72 0.00100526
73 0.00105651
74 0.00111089
75 0.00116858
76 0.00123151
77 0.00130058
78 0.00137787
79 0.0014623
80 0.00155148
81 0.00164896
82 0.0017574
83 0.00188382
84 0.00201899
85 0.00217354
86 0.00234275
87 0.00253574
88 0.00277829
89 0.00308645
90 0.00343623
91 0.00388851
92 0.00447268
93 0.00528198
94 0.00628825
95 0.00760507
96 0.0096725
97 0.0126238
98 0.0207435
99 0.0374419
100 0.0721616
