1 4.11206e-06
2 8.04004e-06
3 1.19995e-05
4 1.59494e-05
5 1.99962e-05
6 2.43364e-05
7 2.8975e-05
8 3.37864e-05
9 3.86506e-05
10 4.37099e-05
11 4.89221e-05
12 5.42237e-05
13 5.95457e-05
14 6.49914e-05
15 7.04092e-05
16 7.58806e-05
17 8.14757e-05
18 8.72803e-05
19 9.32502e-05
20 9.93921e-05
21 0.000105828
22 0.000112513
23 0.00011954
24 0.000126654
25 0.00013383
26 0.000141231
27 0.000148773
28 0.000156424
29 0.000164289
30 0.000172244
31 0.000180271
32 0.000188494
33 0.000196836
34 0.000205499
35 0.000214252
36 0.000223309
37 0.000232683
38 0.000242358
39 0.000252282
40 0.000262531
41 0.000273224
42 0.000284116
43 0.000295625
44 0.000307675
45 0.000320139
46 0.000333179
47 0.000346725
48 0.00036087
49 0.000375538
50 0.000390716
51 0.000406437
52 0.000422937
53 0.00044055
54 0.000458964
55 0.000478231
56 0.00049834
57 0.000519188
58 0.000540508
59 0.000562676
60 0.000585429
61 0.000608463
62 0.00063301
63 0.000659368
64 0.000686612
65 0.000715205
66 0.000745441
67 0.000777209
68 0.000811093
69 0.00084709
70 0.00088489
71 0.000924786
72 0.000970526
73 0.0010202
74 0.00107288
75 0.00112922
76 0.0011919
77 0.00126014
78 0.00133172
79 0.00141249
80 0.00150313
81 0.00161125
82 0.00173349
83 0.00186701
84 0.00201671
85 0.0021877
86 0.00238641
87 0.00260948
88 0.00288463
89 0.00321746
90 0.0036091
91 0.00404055
92 0.0045398
93 0.00512319
94 0.00582248
95 0.00666792
96 0.0078291
97 0.00944804
98 0.0114428
99 0.0142071
100 0.0200837
