1 5.12746e-06
2 9.48337e-06
3 1.36928e-05
4 1.79859e-05
5 2.25128e-05
6 2.71253e-05
7 3.19481e-05
8 3.66926e-05
9 4.15433e-05
10 4.64568e-05
11 5.15025e-05
12 5.66844e-05
13 6.19509e-05
14 6.72353e-05
15 7.25251e-05
16 7.80242e-05
17 8.3721e-05
18 8.94926e-05
19 9.54303e-05
20 0.000101513
21 0.000107837
22 0.000114278
23 0.000121032
24 0.000128018
25 0.000135142
26 0.000142323
27 0.000149707
28 0.000157352
29 0.000165321
30 0.000173608
31 0.000182236
32 0.000191045
33 0.000200137
34 0.000209494
35 0.00021907
36 0.000228823
37 0.000238943
38 0.000249389
39 0.000259984
40 0.000271026
41 0.00028246
42 0.000294153
43 0.000306374
44 0.000319159
45 0.000332282
46 0.000345869
47 0.000359696
48 0.000373972
49 0.000388816
50 0.00040452
51 0.000420971
52 0.000438438
53 0.000456689
54 0.000475924
55 0.000496286
56 0.000517137
57 0.00053896
58 0.00056137
59 0.000585145
60 0.000609938
61 0.000635838
62 0.000662668
63 0.00069148
64 0.000722406
65 0.000754769
66 0.000789141
67 0.000825754
68 0.0008639
69 0.000904546
70 0.000948164
71 0.000994184
72 0.00104288
73 0.00109613
74 0.00115385
75 0.001217
76 0.00128589
77 0.00135812
78 0.00143758
79 0.00152479
80 0.00161701
81 0.00171865
82 0.00182774
83 0.0019439
84 0.00206713
85 0.00220003
86 0.0023487
87 0.00251479
88 0.00269974
89 0.00290612
90 0.00313065
91 0.00339892
92 0.00372842
93 0.00410837
94 0.00453861
95 0.00510816
96 0.00584994
97 0.00680565
98 0.00846843
99 0.0159287
100 0.0277274
