1 4.02773e-06
2 8.33848e-06
3 1.2974e-05
4 1.7619e-05
5 2.219e-05
6 2.69509e-05
7 3.18509e-05
8 3.6868e-05
9 4.18157e-05
10 4.68254e-05
11 5.19732e-05
12 5.72706e-05
13 6.28002e-05
14 6.83813e-05
15 7.40703e-05
16 7.98543e-05
17 8.57155e-05
18 9.19518e-05
19 9.82589e-05
20 0.000104798
21 0.000111398
22 0.000118026
23 0.000124714
24 0.000131702
25 0.000138947
26 0.000146421
27 0.000154173
28 0.000162229
29 0.000170457
30 0.000178877
31 0.000187542
32 0.000196357
33 0.000205451
34 0.000214951
35 0.000224624
36 0.000234352
37 0.000244354
38 0.000254878
39 0.000265872
40 0.000277107
41 0.000288575
42 0.000300298
43 0.000312479
44 0.000325259
45 0.000338669
46 0.000352611
47 0.000367312
48 0.000382781
49 0.000399085
50 0.000415876
51 0.000433352
52 0.000451378
53 0.000469853
54 0.000489238
55 0.000509756
56 0.00053152
57 0.000553827
58 0.00057694
59 0.000600811
60 0.00062534
61 0.000651072
62 0.000678052
63 0.00070635
64 0.000735593
65 0.000765814
66 0.000796923
67 0.000830005
68 0.000866038
69 0.000905152
70 0.00094686
71 0.00099035
72 0.0010356
73 0.0010833
74 0.00113587
75 0.00119299
76 0.00125815
77 0.00132779
78 0.00140518
79 0.00148717
80 0.00157704
81 0.00167686
82 0.00178701
83 0.00191496
84 0.00206424
85 0.00224908
86 0.0024463
87 0.00265831
88 0.00293518
89 0.00324897
90 0.0035789
91 0.00394104
92 0.00435535
93 0.00484142
94 0.00548719
95 0.00631172
96 0.00735256
97 0.00858921
98 0.0105395
99 0.0212261
100 0.047028
