1 4.37902e-06
2 8.54302e-06
3 1.27302e-05
4 1.67221e-05
5 2.06916e-05
6 2.49445e-05
7 2.95244e-05
8 3.43894e-05
9 3.93111e-05
10 4.43086e-05
11 4.94577e-05
12 5.47436e-05
13 6.00884e-05
14 6.55527e-05
15 7.12192e-05
16 7.70348e-05
17 8.30147e-05
18 8.92816e-05
19 9.57974e-05
20 0.000102517
21 0.000109336
22 0.000116349
23 0.000123437
24 0.000130508
25 0.000137708
26 0.000145058
27 0.00015258
28 0.000160511
29 0.000168814
30 0.000177359
31 0.000186121
32 0.000195131
33 0.000204217
34 0.000213455
35 0.000223079
36 0.000232958
37 0.000243164
38 0.000253745
39 0.000264677
40 0.000275899
41 0.000287668
42 0.00030004
43 0.00031288
44 0.000326398
45 0.000340167
46 0.000354342
47 0.000369021
48 0.000384321
49 0.000399976
50 0.000416006
51 0.000432731
52 0.000450311
53 0.000468448
54 0.000487164
55 0.000506571
56 0.000526572
57 0.000547333
58 0.000568781
59 0.000591119
60 0.000614278
61 0.000638816
62 0.000664521
63 0.000690961
64 0.000718291
65 0.000747473
66 0.000778154
67 0.000809702
68 0.000843535
69 0.000879352
70 0.000917144
71 0.00095749
72 0.00100236
73 0.00105021
74 0.00110275
75 0.00115913
76 0.0012221
77 0.00129548
78 0.00137545
79 0.00146343
80 0.00155655
81 0.00165987
82 0.00177314
83 0.00190611
84 0.00205265
85 0.00220733
86 0.00237921
87 0.00257052
88 0.00278389
89 0.00302391
90 0.00331525
91 0.00364243
92 0.00404861
93 0.00455335
94 0.00513147
95 0.00579246
96 0.00679373
97 0.00821145
98 0.0102101
99 0.0134931
100 0.0258164
