1 4.31931e-06
2 8.47931e-06
3 1.26171e-05
4 1.67903e-05
5 2.11367e-05
6 2.55576e-05
7 3.03008e-05
8 3.49628e-05
9 3.96235e-05
10 4.43566e-05
11 4.91784e-05
12 5.40618e-05
13 5.90981e-05
14 6.43033e-05
15 6.97813e-05
16 7.56037e-05
17 8.15133e-05
18 8.75782e-05
19 9.39922e-05
20 0.000100603
21 0.000107391
22 0.000114338
23 0.0001215
24 0.000128755
25 0.000136148
26 0.000143745
27 0.000151378
28 0.000159215
29 0.00016722
30 0.000175556
31 0.000184197
32 0.000193006
33 0.000201948
34 0.000211136
35 0.000220517
36 0.000229995
37 0.00023987
38 0.000249929
39 0.000260421
40 0.000271205
41 0.000282572
42 0.000294517
43 0.000307076
44 0.000319929
45 0.000333263
46 0.000346982
47 0.000360893
48 0.000375421
49 0.000390907
50 0.00040743
51 0.000424821
52 0.000442758
53 0.000461276
54 0.00048013
55 0.000499921
56 0.00052056
57 0.000542258
58 0.000565242
59 0.000589013
60 0.000613629
61 0.000639441
62 0.000666875
63 0.000695693
64 0.000725825
65 0.000757707
66 0.000791279
67 0.000826177
68 0.000862995
69 0.000901381
70 0.000941264
71 0.000984074
72 0.00102936
73 0.00107789
74 0.00112948
75 0.00118503
76 0.00124631
77 0.00131476
78 0.00139146
79 0.00147367
80 0.00156505
81 0.00167544
82 0.00180644
83 0.00195134
84 0.00211135
85 0.00229419
86 0.00249205
87 0.00271012
88 0.00295633
89 0.00323931
90 0.00357582
91 0.00397872
92 0.00441896
93 0.00493887
94 0.00553084
95 0.00630433
96 0.00743182
97 0.0087875
98 0.0106184
99 0.0151661
100 0.021272
