1 3.63567e-06
2 7.66751e-06
3 1.20243e-05
4 1.67257e-05
5 2.13496e-05
6 2.60018e-05
7 3.07236e-05
8 3.55145e-05
9 4.03689e-05
10 4.51418e-05
11 5.00323e-05
12 5.51118e-05
13 6.03823e-05
14 6.58347e-05
15 7.15315e-05
16 7.71605e-05
17 8.29213e-05
18 8.89436e-05
19 9.53864e-05
20 0.000102028
21 0.000108804
22 0.000115511
23 0.000122196
24 0.000128966
25 0.000135997
26 0.000143238
27 0.000150569
28 0.000157979
29 0.000165523
30 0.000173427
31 0.0001816
32 0.000190015
33 0.000198636
34 0.000207434
35 0.000216393
36 0.000225635
37 0.000235128
38 0.000244998
39 0.000255194
40 0.000265494
41 0.000275949
42 0.000286797
43 0.000297947
44 0.000309611
45 0.000321961
46 0.000334978
47 0.000348422
48 0.000362879
49 0.000377712
50 0.000393075
51 0.000409365
52 0.000426594
53 0.000444426
54 0.00046282
55 0.000481916
56 0.000501978
57 0.000522882
58 0.00054569
59 0.00056996
60 0.000595434
61 0.000622018
62 0.000650121
63 0.000680043
64 0.000711802
65 0.000745049
66 0.000780085
67 0.000816237
68 0.000854357
69 0.000894298
70 0.000936828
71 0.000981413
72 0.00102878
73 0.00107847
74 0.00113224
75 0.00119093
76 0.00125348
77 0.00132107
78 0.00139618
79 0.00147914
80 0.00156828
81 0.00166331
82 0.00176651
83 0.00187911
84 0.0020089
85 0.00215251
86 0.0023117
87 0.00248919
88 0.0026828
89 0.00289844
90 0.00314027
91 0.0034226
92 0.00375022
93 0.00415921
94 0.00469515
95 0.00550879
96 0.00666219
97 0.00855351
98 0.0122983
99 0.0207509
100 0.044124
