1 4.01325e-06
2 7.9762e-06
3 1.20234e-05
4 1.64e-05
5 2.10698e-05
6 2.57188e-05
7 3.04225e-05
8 3.52804e-05
9 4.05046e-05
10 4.59142e-05
11 5.12281e-05
12 5.65373e-05
13 6.18619e-05
14 6.73789e-05
15 7.30107e-05
16 7.87304e-05
17 8.4553e-05
18 9.05643e-05
19 9.68508e-05
20 0.000103206
21 0.000109804
22 0.000116562
23 0.000123557
24 0.000130668
25 0.000137929
26 0.000145343
27 0.000152999
28 0.000160859
29 0.000169032
30 0.000177647
31 0.000186423
32 0.000195384
33 0.000204658
34 0.000214082
35 0.000223785
36 0.000233875
37 0.000244334
38 0.00025504
39 0.00026625
40 0.000277965
41 0.000290079
42 0.000302541
43 0.000315466
44 0.000328896
45 0.000342923
46 0.00035737
47 0.000372424
48 0.000388266
49 0.000404998
50 0.000422158
51 0.0004398
52 0.0004581
53 0.000477029
54 0.000496863
55 0.000518278
56 0.000540656
57 0.000563703
58 0.000587681
59 0.000613213
60 0.000640991
61 0.000670112
62 0.000700305
63 0.000732506
64 0.000767225
65 0.000803878
66 0.000842536
67 0.000882238
68 0.000924415
69 0.000968861
70 0.00101679
71 0.0010683
72 0.00112421
73 0.00118595
74 0.00125229
75 0.0013219
76 0.0013991
77 0.00148171
78 0.0015698
79 0.00166703
80 0.0017736
81 0.00189229
82 0.00202453
83 0.00217014
84 0.00233626
85 0.00251378
86 0.00271957
87 0.00294442
88 0.00320072
89 0.00350882
90 0.00384666
91 0.00424491
92 0.00480648
93 0.00568226
94 0.00691803
95 0.00865122
96 0.0115774
97 0.0156651
98 0.0231355
99 0.0500693
100 0.0862894
