1 3.76772e-06
2 8.15984e-06
3 1.24668e-05
4 1.68934e-05
5 2.1425e-05
6 2.60568e-05
7 3.07064e-05
8 3.52149e-05
9 3.97865e-05
10 4.44848e-05
11 4.91989e-05
12 5.42657e-05
13 5.96048e-05
14 6.50571e-05
15 7.07336e-05
16 7.64527e-05
17 8.23148e-05
18 8.82352e-05
19 9.41927e-05
20 0.000100324
21 0.000106662
22 0.000113309
23 0.000120282
24 0.000127503
25 0.000134785
26 0.000142247
27 0.00015008
28 0.000158194
29 0.000166386
30 0.000174694
31 0.000183201
32 0.000191983
33 0.000200989
34 0.000210124
35 0.000219255
36 0.00022864
37 0.000238442
38 0.000248578
39 0.000259078
40 0.000270018
41 0.000281368
42 0.000293482
43 0.000306405
44 0.000319881
45 0.000333732
46 0.000347909
47 0.000362557
48 0.000377739
49 0.000393458
50 0.000409503
51 0.000425812
52 0.000442508
53 0.000459889
54 0.000478032
55 0.000497036
56 0.00051736
57 0.000538742
58 0.000561886
59 0.000586434
60 0.000612422
61 0.000640056
62 0.000668835
63 0.00069815
64 0.000729014
65 0.000761992
66 0.000796069
67 0.000831727
68 0.000869755
69 0.000909335
70 0.000951402
71 0.000996068
72 0.00104374
73 0.00109384
74 0.0011498
75 0.00120847
76 0.00127106
77 0.00134097
78 0.00142247
79 0.00151158
80 0.00161563
81 0.00173586
82 0.00186353
83 0.00200656
84 0.00216772
85 0.00234281
86 0.00254246
87 0.00277686
88 0.00304876
89 0.00337783
90 0.00377756
91 0.00427145
92 0.00492208
93 0.00583752
94 0.00706978
95 0.00902339
96 0.0122468
97 0.0204779
98 0.0308387
99 0.0449418
100 0.068952
