1 3.90717e-06
2 7.83204e-06
3 1.19346e-05
4 1.6396e-05
5 2.08727e-05
6 2.53239e-05
7 2.98645e-05
8 3.43367e-05
9 3.8852e-05
10 4.33309e-05
11 4.79096e-05
12 5.26075e-05
13 5.75284e-05
14 6.25862e-05
15 6.76928e-05
16 7.29246e-05
17 7.81298e-05
18 8.33183e-05
19 8.86144e-05
20 9.4037e-05
21 9.96521e-05
22 0.000105454
23 0.000111449
24 0.000117619
25 0.000124158
26 0.000131035
27 0.000138145
28 0.000145476
29 0.000153138
30 0.000161221
31 0.00016945
32 0.000177966
33 0.000186538
34 0.000195206
35 0.000204144
36 0.000213477
37 0.000223121
38 0.000233043
39 0.000243135
40 0.000253638
41 0.000264652
42 0.000276112
43 0.000287806
44 0.000299683
45 0.000311822
46 0.00032438
47 0.000337299
48 0.00035046
49 0.000363928
50 0.000377891
51 0.000392764
52 0.000408342
53 0.00042482
54 0.000442387
55 0.000461189
56 0.000480873
57 0.000501467
58 0.000523056
59 0.000545801
60 0.000569646
61 0.000594527
62 0.000620929
63 0.000647993
64 0.000676457
65 0.000706444
66 0.00073792
67 0.000770338
68 0.000804063
69 0.000839365
70 0.000876927
71 0.000916746
72 0.000961953
73 0.00101082
74 0.00106223
75 0.00111753
76 0.00117825
77 0.001247
78 0.00132513
79 0.00141191
80 0.00150605
81 0.00161625
82 0.00174525
83 0.00188468
84 0.00203316
85 0.00219174
86 0.00237228
87 0.00256579
88 0.00278129
89 0.00301736
90 0.00327864
91 0.00360666
92 0.00398591
93 0.00441509
94 0.00495593
95 0.0056352
96 0.00647542
97 0.00746886
98 0.00891656
99 0.0114703
100 0.0146364
