1 3.5691e-06
2 7.63232e-06
3 1.18822e-05
4 1.63102e-05
5 2.06583e-05
6 2.50557e-05
7 2.96397e-05
8 3.42516e-05
9 3.8956e-05
10 4.38917e-05
11 4.88862e-05
12 5.39773e-05
13 5.91969e-05
14 6.4454e-05
15 6.97441e-05
16 7.52008e-05
17 8.07317e-05
18 8.63463e-05
19 9.21476e-05
20 9.82329e-05
21 0.000104462
22 0.00011093
23 0.000117577
24 0.00012441
25 0.000131421
26 0.00013875
27 0.000146291
28 0.000154045
29 0.000161961
30 0.000170203
31 0.000178651
32 0.00018729
33 0.000196071
34 0.000205031
35 0.000214175
36 0.000223487
37 0.000233064
38 0.000242987
39 0.00025306
40 0.00026333
41 0.000274036
42 0.000285188
43 0.000296973
44 0.000309384
45 0.000322311
46 0.000335893
47 0.000349954
48 0.000364655
49 0.000379675
50 0.000395298
51 0.000411867
52 0.000429508
53 0.000447514
54 0.000466798
55 0.000487255
56 0.000508637
57 0.000531206
58 0.000555746
59 0.000581958
60 0.000610184
61 0.000639765
62 0.000670197
63 0.000701853
64 0.000735277
65 0.000770083
66 0.00080757
67 0.00084846
68 0.000891311
69 0.000938581
70 0.000988787
71 0.00104022
72 0.00109396
73 0.00115216
74 0.00121277
75 0.00127942
76 0.00134976
77 0.00142521
78 0.00150518
79 0.00158943
80 0.00168097
81 0.00178148
82 0.0018919
83 0.00202048
84 0.00216441
85 0.00232374
86 0.00251335
87 0.00275491
88 0.00307247
89 0.00355453
90 0.00414796
91 0.00479053
92 0.0056005
93 0.00676282
94 0.00848009
95 0.0109814
96 0.0138164
97 0.0177
98 0.0260489
99 0.0413865
100 0.0618271
