1 4.96732e-06
2 9.04764e-06
3 1.33765e-05
4 1.77053e-05
5 2.23161e-05
6 2.69348e-05
7 3.14719e-05
8 3.58792e-05
9 4.04151e-05
10 4.50872e-05
11 4.98688e-05
12 5.48718e-05
13 5.99437e-05
14 6.50691e-05
15 7.0335e-05
16 7.56416e-05
17 8.11246e-05
18 8.70519e-05
19 9.32352e-05
20 9.95362e-05
21 0.000105916
22 0.000112354
23 0.000118889
24 0.000125619
25 0.000132507
26 0.000139506
27 0.000146692
28 0.000154074
29 0.000161597
30 0.000169366
31 0.000177497
32 0.000185807
33 0.000194322
34 0.000203325
35 0.000212662
36 0.000222233
37 0.000232068
38 0.000242242
39 0.000252777
40 0.000263697
41 0.000275008
42 0.000286636
43 0.000298645
44 0.000311116
45 0.000324347
46 0.000338274
47 0.000352744
48 0.000367845
49 0.000383784
50 0.000400525
51 0.000417688
52 0.000435516
53 0.000454309
54 0.000473974
55 0.000494384
56 0.000515717
57 0.000538024
58 0.000561182
59 0.000585242
60 0.000610932
61 0.000638547
62 0.000667881
63 0.000698147
64 0.000730248
65 0.000763741
66 0.000798244
67 0.000834599
68 0.000873327
69 0.000913322
70 0.000955824
71 0.00100163
72 0.00105008
73 0.00110203
74 0.00116139
75 0.00122523
76 0.00129163
77 0.00136279
78 0.00143913
79 0.00152038
80 0.00161326
81 0.0017181
82 0.00183546
83 0.0019683
84 0.00211819
85 0.00227454
86 0.00244587
87 0.0026354
88 0.00285389
89 0.00311985
90 0.00341543
91 0.0037622
92 0.00421987
93 0.0049082
94 0.00576068
95 0.00687351
96 0.00914997
97 0.0129689
98 0.0182998
99 0.0270602
100 0.0376119
