1 3.83167e-06
2 7.66872e-06
3 1.15083e-05
4 1.54271e-05
5 1.95582e-05
6 2.38279e-05
7 2.81872e-05
8 3.28788e-05
9 3.77967e-05
10 4.28123e-05
11 4.78794e-05
12 5.30151e-05
13 5.82446e-05
14 6.35806e-05
15 6.89892e-05
16 7.44714e-05
17 8.00685e-05
18 8.58184e-05
19 9.1667e-05
20 9.75734e-05
21 0.000103664
22 0.000109963
23 0.000116326
24 0.000122833
25 0.000129445
26 0.000136199
27 0.000143067
28 0.000150125
29 0.000157423
30 0.000164885
31 0.000172744
32 0.000180822
33 0.000189083
34 0.000197543
35 0.000206153
36 0.000214886
37 0.000223881
38 0.000233037
39 0.000242369
40 0.000251926
41 0.000261799
42 0.000272042
43 0.000282893
44 0.000294333
45 0.000306414
46 0.00031907
47 0.000332374
48 0.000346186
49 0.00036048
50 0.000375537
51 0.000391111
52 0.000407172
53 0.000424286
54 0.000441792
55 0.000460335
56 0.000479703
57 0.000499809
58 0.000520647
59 0.000542569
60 0.000565886
61 0.000590306
62 0.000615799
63 0.000642711
64 0.00067126
65 0.000701053
66 0.000731662
67 0.000763828
68 0.000797277
69 0.000832167
70 0.000868909
71 0.000908083
72 0.000949275
73 0.000992055
74 0.00103698
75 0.00108617
76 0.00113911
77 0.00119683
78 0.00126059
79 0.00132875
80 0.00140367
81 0.0014879
82 0.00157904
83 0.00168004
84 0.00179722
85 0.00192832
86 0.00207365
87 0.00222886
88 0.0024067
89 0.00260759
90 0.00284799
91 0.00319769
92 0.00362673
93 0.00414187
94 0.00478693
95 0.00552548
96 0.00648064
97 0.0080302
98 0.0106222
99 0.0161095
100 0.0242113
