1 4.30601e-06
2 8.56041e-06
3 1.29418e-05
4 1.72584e-05
5 2.18775e-05
6 2.65978e-05
7 3.11885e-05
8 3.55588e-05
9 4.00779e-05
10 4.46239e-05
11 4.94109e-05
12 5.42817e-05
13 5.93396e-05
14 6.44677e-05
15 6.97297e-05
16 7.51669e-05
17 8.075e-05
18 8.63051e-05
19 9.20474e-05
20 9.79988e-05
21 0.000104223
22 0.000110746
23 0.000117307
24 0.000124062
25 0.000130907
26 0.000137809
27 0.000144996
28 0.00015259
29 0.000160358
30 0.000168298
31 0.000176381
32 0.000184846
33 0.000193524
34 0.000202574
35 0.000211948
36 0.000221627
37 0.000231626
38 0.000241906
39 0.0002528
40 0.000264251
41 0.000276134
42 0.00028832
43 0.000300802
44 0.000313675
45 0.000326986
46 0.000341165
47 0.000355951
48 0.000371158
49 0.000387017
50 0.000403224
51 0.000419884
52 0.000437165
53 0.000455193
54 0.000474052
55 0.00049363
56 0.0005138
57 0.000534826
58 0.00055642
59 0.000579015
60 0.000602248
61 0.000626303
62 0.00065116
63 0.000676687
64 0.000703286
65 0.000731145
66 0.00076078
67 0.000792477
68 0.00082707
69 0.000864626
70 0.000904731
71 0.000945794
72 0.000988504
73 0.00103385
74 0.00108202
75 0.00113437
76 0.00119179
77 0.00125738
78 0.00132771
79 0.00140219
80 0.0014816
81 0.00156935
82 0.0016727
83 0.00179194
84 0.0019257
85 0.00206921
86 0.00222519
87 0.00240952
88 0.00264012
89 0.00291201
90 0.00320618
91 0.00357979
92 0.00406072
93 0.00479852
94 0.00612635
95 0.00793667
96 0.0109671
97 0.0153617
98 0.0205049
99 0.0259939
100 0.0360334
