1 3.4089e-06
2 7.85244e-06
3 1.27142e-05
4 1.74025e-05
5 2.20804e-05
6 2.69038e-05
7 3.15845e-05
8 3.63374e-05
9 4.15187e-05
10 4.68089e-05
11 5.22197e-05
12 5.77441e-05
13 6.32627e-05
14 6.88648e-05
15 7.44557e-05
16 8.02962e-05
17 8.63407e-05
18 9.24592e-05
19 9.87166e-05
20 0.000105132
21 0.000111639
22 0.000118285
23 0.000125098
24 0.000132158
25 0.000139556
26 0.000147231
27 0.00015499
28 0.000162969
29 0.000171
30 0.000179116
31 0.000187586
32 0.000196272
33 0.000205304
34 0.000214452
35 0.00022378
36 0.00023331
37 0.000243112
38 0.000253215
39 0.000263743
40 0.000274735
41 0.000286061
42 0.000297707
43 0.0003097
44 0.000322188
45 0.000335134
46 0.000348749
47 0.000363086
48 0.000378026
49 0.000393469
50 0.000409687
51 0.000427045
52 0.000444915
53 0.000463674
54 0.000483626
55 0.000504169
56 0.000525593
57 0.000548014
58 0.000571081
59 0.000595641
60 0.000621354
61 0.00064837
62 0.000676715
63 0.000706945
64 0.000740247
65 0.000777285
66 0.000816451
67 0.000857247
68 0.000902664
69 0.000951703
70 0.00100248
71 0.00105742
72 0.00111577
73 0.00117751
74 0.00124382
75 0.00131401
76 0.00139275
77 0.00147672
78 0.00156953
79 0.00166938
80 0.00177827
81 0.00189577
82 0.00202341
83 0.00216041
84 0.00231412
85 0.00249369
86 0.00268493
87 0.00290502
88 0.00316402
89 0.00344872
90 0.00377229
91 0.00416171
92 0.00463835
93 0.0053702
94 0.00638727
95 0.00814376
96 0.0106499
97 0.0142236
98 0.0187383
99 0.0293525
100 0.0475583
