1 4.0509e-06
2 7.78991e-06
3 1.18584e-05
4 1.62079e-05
5 2.08764e-05
6 2.59119e-05
7 3.12298e-05
8 3.66866e-05
9 4.22862e-05
10 4.78905e-05
11 5.3431e-05
12 5.90822e-05
13 6.48528e-05
14 7.07862e-05
15 7.67161e-05
16 8.2633e-05
17 8.85799e-05
18 9.4803e-05
19 0.00010107
20 0.000107416
21 0.000113883
22 0.000120542
23 0.000127578
24 0.000134796
25 0.000142226
26 0.000149933
27 0.000157854
28 0.000165952
29 0.000174232
30 0.000182975
31 0.000192087
32 0.000201546
33 0.000211097
34 0.000220963
35 0.000231155
36 0.000241668
37 0.000252399
38 0.00026359
39 0.000275213
40 0.000287225
41 0.000299545
42 0.000312202
43 0.000325233
44 0.000338465
45 0.000351908
46 0.000365728
47 0.000380097
48 0.000395063
49 0.000410413
50 0.000426433
51 0.000442968
52 0.000460118
53 0.000478319
54 0.000497877
55 0.000518298
56 0.000540193
57 0.000562784
58 0.000585759
59 0.000610362
60 0.000636071
61 0.000662229
62 0.000689925
63 0.000718937
64 0.0007493
65 0.000783373
66 0.000819949
67 0.000858143
68 0.00089789
69 0.000939626
70 0.000983742
71 0.00103081
72 0.00108251
73 0.00113839
74 0.00120021
75 0.00126519
76 0.00133638
77 0.00141397
78 0.00150051
79 0.00159392
80 0.00169491
81 0.00180303
82 0.0019194
83 0.00204333
84 0.00217829
85 0.00234679
86 0.00255037
87 0.00279262
88 0.00309251
89 0.003433
90 0.00386762
91 0.00441045
92 0.00504356
93 0.00584741
94 0.00706788
95 0.00965908
96 0.0133446
97 0.0234671
98 0.0408873
99 0.0606114
100 0.0823581
