1 4.17225e-06
2 8.93713e-06
3 1.34957e-05
4 1.8032e-05
5 2.25176e-05
6 2.70651e-05
7 3.16475e-05
8 3.65839e-05
9 4.16142e-05
10 4.68488e-05
11 5.2134e-05
12 5.7558e-05
13 6.30717e-05
14 6.88507e-05
15 7.47174e-05
16 8.06496e-05
17 8.66102e-05
18 9.26561e-05
19 9.87768e-05
20 0.000105034
21 0.000111666
22 0.000118511
23 0.000125558
24 0.000132757
25 0.000140122
26 0.000147808
27 0.000155719
28 0.000163753
29 0.000171963
30 0.000180549
31 0.000189538
32 0.000198846
33 0.000208335
34 0.000218331
35 0.000228585
36 0.000239154
37 0.000250125
38 0.000261523
39 0.000273079
40 0.000284996
41 0.000297285
42 0.000309891
43 0.000323085
44 0.000336698
45 0.000350596
46 0.000364882
47 0.000379762
48 0.000395418
49 0.000411746
50 0.000428591
51 0.000446002
52 0.000463896
53 0.000482508
54 0.000501715
55 0.00052154
56 0.000542245
57 0.000563761
58 0.000586033
59 0.000609797
60 0.000634601
61 0.000659931
62 0.000685943
63 0.00071248
64 0.000739975
65 0.000768575
66 0.000798996
67 0.000831842
68 0.00086631
69 0.000903309
70 0.000945011
71 0.000990405
72 0.00103881
73 0.00109006
74 0.00114521
75 0.00120442
76 0.00127044
77 0.00134065
78 0.00142131
79 0.00151411
80 0.00161431
81 0.00172378
82 0.00184377
83 0.0019848
84 0.00214639
85 0.00232703
86 0.00251799
87 0.00273142
88 0.00297215
89 0.00328902
90 0.00369868
91 0.00415395
92 0.00472682
93 0.00540547
94 0.00633779
95 0.00816763
96 0.0116094
97 0.0167306
98 0.024659
99 0.0366133
100 0.0566
