1 4.70166e-06
2 9.15418e-06
3 1.35159e-05
4 1.76785e-05
5 2.19421e-05
6 2.63401e-05
7 3.08118e-05
8 3.54455e-05
9 4.02608e-05
10 4.51272e-05
11 5.01023e-05
12 5.52543e-05
13 6.03885e-05
14 6.56243e-05
15 7.09323e-05
16 7.63257e-05
17 8.19633e-05
18 8.77651e-05
19 9.38513e-05
20 0.00010001
21 0.000106286
22 0.000112725
23 0.000119258
24 0.000126122
25 0.000133254
26 0.000140714
27 0.000148364
28 0.000156082
29 0.000164143
30 0.000172595
31 0.000181201
32 0.000190127
33 0.000199369
34 0.000208744
35 0.000218338
36 0.000228272
37 0.000238527
38 0.000248968
39 0.000259851
40 0.000271109
41 0.000282655
42 0.000294562
43 0.000306629
44 0.000318954
45 0.000331726
46 0.000345085
47 0.000358918
48 0.00037337
49 0.000388368
50 0.000403835
51 0.000420172
52 0.000437126
53 0.00045493
54 0.000473712
55 0.000493462
56 0.000514065
57 0.000535118
58 0.000556851
59 0.000579396
60 0.000603052
61 0.000628565
62 0.000656529
63 0.000685423
64 0.000715434
65 0.000747208
66 0.000780576
67 0.000816657
68 0.000854873
69 0.00089531
70 0.000938203
71 0.000983345
72 0.00103327
73 0.00108651
74 0.00114457
75 0.00120814
76 0.00127821
77 0.00135732
78 0.0014435
79 0.00153698
80 0.00163759
81 0.00174704
82 0.00187252
83 0.00201167
84 0.00217562
85 0.00236906
86 0.00261155
87 0.00287531
88 0.0031879
89 0.00354068
90 0.0039205
91 0.00436299
92 0.00495575
93 0.00574968
94 0.00675715
95 0.00791813
96 0.0094425
97 0.0121212
98 0.0165514
99 0.0245514
100 0.0501562
