1 4.14291e-06
2 8.14772e-06
3 1.23947e-05
4 1.6346e-05
5 2.05627e-05
6 2.50238e-05
7 2.96955e-05
8 3.45255e-05
9 3.96518e-05
10 4.49031e-05
11 5.01943e-05
12 5.54561e-05
13 6.08855e-05
14 6.63787e-05
15 7.18236e-05
16 7.72877e-05
17 8.28341e-05
18 8.85376e-05
19 9.43742e-05
20 0.000100465
21 0.000106972
22 0.000113687
23 0.00012057
24 0.000127542
25 0.000134636
26 0.000141762
27 0.000149068
28 0.00015661
29 0.000164354
30 0.000172311
31 0.000180477
32 0.000188785
33 0.000197404
34 0.000206336
35 0.000215456
36 0.000224872
37 0.000234454
38 0.000244428
39 0.000254689
40 0.000265411
41 0.000276459
42 0.00028775
43 0.000299343
44 0.000311319
45 0.000323724
46 0.00033641
47 0.000349456
48 0.000363097
49 0.000377165
50 0.000391717
51 0.000406933
52 0.000422873
53 0.000439594
54 0.000456809
55 0.000475014
56 0.000494266
57 0.000514461
58 0.000535848
59 0.000558667
60 0.00058204
61 0.000606134
62 0.000631198
63 0.000657547
64 0.000684908
65 0.000713644
66 0.000744312
67 0.000776358
68 0.000810804
69 0.000847197
70 0.000885892
71 0.000927649
72 0.000972011
73 0.00102114
74 0.00107399
75 0.00113073
76 0.00119028
77 0.00125531
78 0.00132596
79 0.00140794
80 0.00149766
81 0.00159708
82 0.00170937
83 0.0018336
84 0.00197084
85 0.00212872
86 0.00232177
87 0.00253913
88 0.00279884
89 0.00312267
90 0.00350578
91 0.00396047
92 0.00452314
93 0.00520593
94 0.00612128
95 0.00741864
96 0.00951671
97 0.0128905
98 0.0179991
99 0.0289881
100 0.0495777
