1 4.72996e-06
2 9.36747e-06
3 1.34233e-05
4 1.76055e-05
5 2.17641e-05
6 2.60209e-05
7 3.03846e-05
8 3.48398e-05
9 3.93054e-05
10 4.38697e-05
11 4.86984e-05
12 5.3619e-05
13 5.86415e-05
14 6.38795e-05
15 6.93565e-05
16 7.49313e-05
17 8.06747e-05
18 8.64781e-05
19 9.23216e-05
20 9.82999e-05
21 0.000104563
22 0.000110968
23 0.000117554
24 0.000124254
25 0.000131168
26 0.000138348
27 0.000145693
28 0.000153202
29 0.000160866
30 0.00016877
31 0.00017685
32 0.000185212
33 0.000193938
34 0.000203015
35 0.000212507
36 0.000222239
37 0.000232314
38 0.000242827
39 0.000253689
40 0.000265047
41 0.000276925
42 0.000289377
43 0.000302171
44 0.000315151
45 0.000328554
46 0.000342523
47 0.000356938
48 0.000371901
49 0.000387785
50 0.000404284
51 0.000421272
52 0.000438601
53 0.000456437
54 0.000474672
55 0.000493614
56 0.000513208
57 0.000533691
58 0.000555097
59 0.000577179
60 0.000600505
61 0.000625149
62 0.000651248
63 0.000678642
64 0.000707461
65 0.000738011
66 0.000770432
67 0.000804689
68 0.000840518
69 0.000879421
70 0.000921218
71 0.000966858
72 0.00101624
73 0.00106784
74 0.00112473
75 0.0011866
76 0.00125284
77 0.00132555
78 0.00140462
79 0.00148899
80 0.00158128
81 0.00167986
82 0.00178848
83 0.00191103
84 0.00205623
85 0.00221247
86 0.0023982
87 0.00262268
88 0.00288726
89 0.0031952
90 0.00359429
91 0.00404509
92 0.00455557
93 0.00517895
94 0.00611644
95 0.00757365
96 0.00983909
97 0.0135681
98 0.0205527
99 0.0327186
100 0.0615269
