1 3.68479e-06
2 7.40246e-06
3 1.17342e-05
4 1.63648e-05
5 2.13308e-05
6 2.62497e-05
7 3.12656e-05
8 3.62321e-05
9 4.12815e-05
10 4.64387e-05
11 5.16811e-05
12 5.70614e-05
13 6.2742e-05
14 6.85328e-05
15 7.43558e-05
16 8.03198e-05
17 8.64533e-05
18 9.26294e-05
19 9.89149e-05
20 0.00010533
21 0.000111865
22 0.000118528
23 0.000125232
24 0.000132267
25 0.000139597
26 0.000146999
27 0.000154524
28 0.000162211
29 0.000170094
30 0.000178464
31 0.000187182
32 0.000196033
33 0.000205151
34 0.000214558
35 0.000224127
36 0.000234039
37 0.00024422
38 0.000254637
39 0.0002655
40 0.00027671
41 0.000288124
42 0.000299857
43 0.000312228
44 0.00032514
45 0.000338335
46 0.00035199
47 0.000366109
48 0.00038064
49 0.00039569
50 0.000411451
51 0.000427909
52 0.000445116
53 0.000462802
54 0.000481334
55 0.000500775
56 0.000520925
57 0.000541645
58 0.00056344
59 0.000586838
60 0.000611384
61 0.000636635
62 0.000662821
63 0.000690341
64 0.000719566
65 0.000750576
66 0.000782974
67 0.000817086
68 0.00085357
69 0.000893149
70 0.000934789
71 0.000979389
72 0.00102728
73 0.00107969
74 0.00113579
75 0.00119633
76 0.00126026
77 0.00132765
78 0.00140019
79 0.00147735
80 0.00157329
81 0.00168128
82 0.00180134
83 0.00193773
84 0.00208375
85 0.00224957
86 0.00245964
87 0.00271204
88 0.00299058
89 0.00332031
90 0.00369495
91 0.00414788
92 0.00482011
93 0.00591068
94 0.00745339
95 0.00936057
96 0.0116341
97 0.0146401
98 0.0201535
99 0.0280457
100 0.0421557
