1 4.25824e-06
2 8.51721e-06
3 1.25895e-05
4 1.69632e-05
5 2.12349e-05
6 2.56984e-05
7 3.04412e-05
8 3.53052e-05
9 4.03191e-05
10 4.52394e-05
11 5.01899e-05
12 5.52274e-05
13 6.03612e-05
14 6.56361e-05
15 7.11099e-05
16 7.68731e-05
17 8.2785e-05
18 8.88395e-05
19 9.50626e-05
20 0.000101412
21 0.000107773
22 0.000114394
23 0.000121179
24 0.00012824
25 0.000135523
26 0.000143289
27 0.000151401
28 0.000159632
29 0.000167981
30 0.000176602
31 0.000185493
32 0.000194665
33 0.000204054
34 0.000213807
35 0.000223706
36 0.000233895
37 0.000244482
38 0.000255451
39 0.000266707
40 0.000278501
41 0.000290676
42 0.000303427
43 0.000316749
44 0.000330784
45 0.000345397
46 0.00036034
47 0.000375797
48 0.000391855
49 0.000408471
50 0.00042582
51 0.000444357
52 0.000463837
53 0.000484241
54 0.000505479
55 0.000527326
56 0.00054977
57 0.000573063
58 0.000597184
59 0.000622776
60 0.000650754
61 0.000680297
62 0.000710588
63 0.000742315
64 0.000775732
65 0.00081121
66 0.000848954
67 0.000890219
68 0.000934606
69 0.000981323
70 0.00103079
71 0.00108497
72 0.00114441
73 0.00120752
74 0.00127538
75 0.00134861
76 0.00142623
77 0.00150828
78 0.00159562
79 0.00168939
80 0.00179115
81 0.00189873
82 0.0020204
83 0.00216196
84 0.00231969
85 0.00249122
86 0.00267926
87 0.0028918
88 0.00313454
89 0.00344062
90 0.00381202
91 0.00423979
92 0.0048897
93 0.0058405
94 0.0071554
95 0.00957275
96 0.0137066
97 0.0198905
98 0.0287828
99 0.0414279
100 0.0764427
