1 3.88553e-06
2 7.61215e-06
3 1.13062e-05
4 1.54504e-05
5 1.97139e-05
6 2.42238e-05
7 2.87443e-05
8 3.3326e-05
9 3.79736e-05
10 4.26779e-05
11 4.74288e-05
12 5.22449e-05
13 5.71521e-05
14 6.21591e-05
15 6.73859e-05
16 7.27734e-05
17 7.8202e-05
18 8.37495e-05
19 8.96373e-05
20 9.56765e-05
21 0.000101964
22 0.000108464
23 0.000115122
24 0.000122022
25 0.000129208
26 0.000136645
27 0.000144348
28 0.000152259
29 0.000160394
30 0.00016866
31 0.000177156
32 0.000185791
33 0.000194683
34 0.000204099
35 0.000213703
36 0.000223393
37 0.000233362
38 0.000243636
39 0.00025432
40 0.000265352
41 0.000276634
42 0.000288823
43 0.000301534
44 0.00031445
45 0.000327684
46 0.000341379
47 0.000355632
48 0.000370483
49 0.000385966
50 0.000402074
51 0.00041844
52 0.000435437
53 0.000453228
54 0.000471421
55 0.000490579
56 0.000511869
57 0.000533653
58 0.000556684
59 0.000580915
60 0.000606463
61 0.000633308
62 0.000661664
63 0.00069174
64 0.000723526
65 0.00075696
66 0.000792037
67 0.000828678
68 0.00086747
69 0.000907842
70 0.000950527
71 0.000995656
72 0.00104337
73 0.00109447
74 0.00114848
75 0.00120585
76 0.00126804
77 0.00133468
78 0.00140705
79 0.0014888
80 0.00158061
81 0.00168096
82 0.00179408
83 0.00192435
84 0.00206813
85 0.00223255
86 0.00241014
87 0.00261265
88 0.00284176
89 0.00311873
90 0.00342767
91 0.00378172
92 0.00430385
93 0.00500874
94 0.00620729
95 0.00772769
96 0.00940689
97 0.0114782
98 0.0160664
99 0.0236494
100 0.0359485
