1 3.95853e-06
2 8.34563e-06
3 1.27216e-05
4 1.74837e-05
5 2.24636e-05
6 2.72951e-05
7 3.21723e-05
8 3.71989e-05
9 4.24228e-05
10 4.77386e-05
11 5.32354e-05
12 5.87143e-05
13 6.42579e-05
14 6.99044e-05
15 7.55375e-05
16 8.13466e-05
17 8.74445e-05
18 9.35942e-05
19 9.97576e-05
20 0.000106011
21 0.000112401
22 0.000118868
23 0.000125587
24 0.000132474
25 0.000139579
26 0.000146968
27 0.000154503
28 0.000162362
29 0.00017039
30 0.00017859
31 0.000187039
32 0.000195745
33 0.000204898
34 0.000214356
35 0.000224029
36 0.000233993
37 0.000244263
38 0.00025478
39 0.000265585
40 0.000276679
41 0.000288223
42 0.000300085
43 0.000312285
44 0.000324762
45 0.000337765
46 0.000351445
47 0.000365628
48 0.000380489
49 0.000396004
50 0.00041242
51 0.000429143
52 0.000446497
53 0.000464473
54 0.000482817
55 0.000501686
56 0.000521099
57 0.000541013
58 0.000562385
59 0.000585169
60 0.000608655
61 0.000632663
62 0.000658588
63 0.000686372
64 0.000716106
65 0.000747583
66 0.000781167
67 0.000817548
68 0.000856514
69 0.000899089
70 0.000945093
71 0.000994662
72 0.00104636
73 0.00110055
74 0.00115699
75 0.0012173
76 0.00128885
77 0.00136595
78 0.00145133
79 0.00154326
80 0.00164688
81 0.00176
82 0.00190032
83 0.00206464
84 0.00225122
85 0.00245406
86 0.00268629
87 0.00293157
88 0.00321967
89 0.00357214
90 0.00397868
91 0.0045562
92 0.00531112
93 0.00624374
94 0.00753283
95 0.00908239
96 0.0111857
97 0.0138945
98 0.019901
99 0.031802
100 0.067048
