1 3.64668e-06
2 7.38176e-06
3 1.18037e-05
4 1.63904e-05
5 2.08436e-05
6 2.5249e-05
7 2.97376e-05
8 3.43697e-05
9 3.90427e-05
10 4.37971e-05
11 4.85236e-05
12 5.34162e-05
13 5.83812e-05
14 6.35793e-05
15 6.88762e-05
16 7.44648e-05
17 8.01364e-05
18 8.60477e-05
19 9.22654e-05
20 9.89128e-05
21 0.000105615
22 0.00011232
23 0.000119109
24 0.000125997
25 0.000133067
26 0.000140223
27 0.000147488
28 0.000154897
29 0.000162474
30 0.000170266
31 0.000178237
32 0.000186467
33 0.000194991
34 0.000203889
35 0.000213307
36 0.000223027
37 0.000233096
38 0.000243394
39 0.000254186
40 0.000265547
41 0.000277379
42 0.000289689
43 0.000302321
44 0.000315412
45 0.000329035
46 0.000343221
47 0.000357963
48 0.000373617
49 0.000389828
50 0.000406428
51 0.000423368
52 0.000441167
53 0.000459604
54 0.000478483
55 0.000497998
56 0.000518495
57 0.000540012
58 0.000562388
59 0.000585629
60 0.000609486
61 0.000634425
62 0.000660548
63 0.000687851
64 0.000715992
65 0.000746936
66 0.000780547
67 0.000815473
68 0.000852455
69 0.000892164
70 0.000935859
71 0.000984197
72 0.00103702
73 0.00109374
74 0.0011551
75 0.00122217
76 0.00129214
77 0.00137001
78 0.00145426
79 0.00154937
80 0.00165288
81 0.0017627
82 0.00188557
83 0.00201943
84 0.00217402
85 0.00234232
86 0.00252346
87 0.00274717
88 0.00300921
89 0.00329874
90 0.00362402
91 0.00397871
92 0.00439619
93 0.00490839
94 0.00549734
95 0.00617592
96 0.00691706
97 0.00788434
98 0.0103739
99 0.0156137
100 0.023027
