1 4.71812e-06
2 8.8263e-06
3 1.31261e-05
4 1.73974e-05
5 2.15852e-05
6 2.60252e-05
7 3.06075e-05
8 3.53683e-05
9 4.00174e-05
10 4.46081e-05
11 4.92908e-05
12 5.40214e-05
13 5.88914e-05
14 6.40587e-05
15 6.93223e-05
16 7.46787e-05
17 8.02536e-05
18 8.60026e-05
19 9.19743e-05
20 9.82779e-05
21 0.00010485
22 0.000111637
23 0.0001187
24 0.000125847
25 0.000133099
26 0.000140468
27 0.00014799
28 0.000155464
29 0.000163113
30 0.000170929
31 0.000178924
32 0.000186969
33 0.00019511
34 0.000203519
35 0.000212232
36 0.000221254
37 0.000230566
38 0.000240475
39 0.000250689
40 0.000261661
41 0.000272792
42 0.000284195
43 0.000295876
44 0.000308174
45 0.000320708
46 0.000333673
47 0.00034696
48 0.000360491
49 0.000374414
50 0.000388889
51 0.00040412
52 0.000420335
53 0.000437272
54 0.000454821
55 0.000473217
56 0.000492777
57 0.000513794
58 0.000535778
59 0.00055839
60 0.000582621
61 0.00060803
62 0.000634275
63 0.000661694
64 0.000690758
65 0.000721989
66 0.000755802
67 0.000791585
68 0.000830231
69 0.000871291
70 0.000914366
71 0.000960615
72 0.00101105
73 0.0010659
74 0.00112644
75 0.00119621
76 0.00127132
77 0.00135402
78 0.0014477
79 0.0015513
80 0.00166104
81 0.00177624
82 0.00189948
83 0.00203291
84 0.00217805
85 0.00233632
86 0.00251399
87 0.00272243
88 0.00298385
89 0.0033097
90 0.00367425
91 0.00411511
92 0.00470503
93 0.00540244
94 0.00631441
95 0.00767207
96 0.00975782
97 0.0129237
98 0.0172448
99 0.0230254
100 0.0329321
