1 3.75525e-06
2 8.14897e-06
3 1.26102e-05
4 1.70611e-05
5 2.1148e-05
6 2.5272e-05
7 2.9554e-05
8 3.38738e-05
9 3.83933e-05
10 4.31269e-05
11 4.77445e-05
12 5.24507e-05
13 5.73699e-05
14 6.25261e-05
15 6.78768e-05
16 7.35641e-05
17 7.93887e-05
18 8.54273e-05
19 9.15998e-05
20 9.7715e-05
21 0.000103831
22 0.000110117
23 0.00011648
24 0.000123053
25 0.000129844
26 0.000136766
27 0.000143909
28 0.000151439
29 0.000159158
30 0.000166965
31 0.000174864
32 0.000182934
33 0.000191204
34 0.000199729
35 0.00020839
36 0.000217319
37 0.000226536
38 0.00023602
39 0.000245769
40 0.000255845
41 0.000266268
42 0.000277134
43 0.000288473
44 0.000300328
45 0.000312658
46 0.000325302
47 0.000338338
48 0.00035162
49 0.00036533
50 0.000379747
51 0.000394895
52 0.000410801
53 0.000427348
54 0.000444944
55 0.000463282
56 0.000482875
57 0.000503197
58 0.00052421
59 0.00054581
60 0.000568758
61 0.000592841
62 0.00061801
63 0.000644631
64 0.000673043
65 0.000702541
66 0.0007328
67 0.000764454
68 0.000798341
69 0.000835632
70 0.000875596
71 0.000918482
72 0.000963239
73 0.00100957
74 0.00105827
75 0.00110973
76 0.00116549
77 0.00122621
78 0.00129048
79 0.0013574
80 0.00142822
81 0.00150662
82 0.00159299
83 0.00169272
84 0.0018099
85 0.00194205
86 0.00209098
87 0.00226601
88 0.00246194
89 0.00269185
90 0.00293862
91 0.00320307
92 0.00348711
93 0.00380733
94 0.00422039
95 0.00471763
96 0.0053591
97 0.00629275
98 0.00796629
99 0.0114298
100 0.019558
