1 3.51396e-06
2 8.05258e-06
3 1.21269e-05
4 1.65186e-05
5 2.11131e-05
6 2.58377e-05
7 3.04354e-05
8 3.51238e-05
9 3.99103e-05
10 4.49071e-05
11 4.99301e-05
12 5.49221e-05
13 5.99738e-05
14 6.5155e-05
15 7.05091e-05
16 7.58975e-05
17 8.15248e-05
18 8.7303e-05
19 9.32014e-05
20 9.9226e-05
21 0.000105362
22 0.000111575
23 0.000117955
24 0.000124543
25 0.000131309
26 0.000138218
27 0.000145158
28 0.00015224
29 0.000159606
30 0.000167218
31 0.000175214
32 0.000183366
33 0.000191841
34 0.000200581
35 0.000209736
36 0.000219399
37 0.000229243
38 0.000239322
39 0.000249716
40 0.000260323
41 0.000271246
42 0.000282486
43 0.000294037
44 0.000306248
45 0.000319063
46 0.000332612
47 0.000346672
48 0.000361052
49 0.000375818
50 0.000391258
51 0.000407273
52 0.000423823
53 0.000440865
54 0.000458533
55 0.000476951
56 0.000495997
57 0.000516413
58 0.00053807
59 0.000560973
60 0.000584748
61 0.000609581
62 0.000635529
63 0.00066323
64 0.000692192
65 0.000722574
66 0.000755108
67 0.000790415
68 0.000826992
69 0.00086677
70 0.000908701
71 0.000953115
72 0.00100034
73 0.00105022
74 0.00110279
75 0.00116051
76 0.00122485
77 0.00129692
78 0.00137441
79 0.00145729
80 0.00154745
81 0.00164488
82 0.00174931
83 0.0018684
84 0.00201005
85 0.00217217
86 0.00234499
87 0.00254269
88 0.00278466
89 0.00309308
90 0.0034381
91 0.0038325
92 0.00429063
93 0.00504273
94 0.00620439
95 0.00888753
96 0.0129216
97 0.0191912
98 0.0281038
99 0.0415824
100 0.0646398
