1 4.68607e-06
2 9.15451e-06
3 1.37961e-05
4 1.84833e-05
5 2.32272e-05
6 2.79386e-05
7 3.24674e-05
8 3.6912e-05
9 4.15669e-05
10 4.63932e-05
11 5.14262e-05
12 5.65825e-05
13 6.16144e-05
14 6.67833e-05
15 7.20818e-05
16 7.74986e-05
17 8.33089e-05
18 8.94159e-05
19 9.56896e-05
20 0.000102
21 0.000108516
22 0.000115202
23 0.000121939
24 0.000128822
25 0.000135761
26 0.000142912
27 0.000150154
28 0.000157631
29 0.000165476
30 0.000173668
31 0.000182196
32 0.000190987
33 0.000200042
34 0.000209226
35 0.00021862
36 0.000228174
37 0.00023812
38 0.000248559
39 0.00025929
40 0.000270542
41 0.000282304
42 0.000294297
43 0.000306877
44 0.000320026
45 0.000333452
46 0.000347155
47 0.000361538
48 0.000376333
49 0.000391607
50 0.000407567
51 0.000424176
52 0.000441619
53 0.000459664
54 0.000478566
55 0.000498348
56 0.000518931
57 0.000540698
58 0.000563158
59 0.000586253
60 0.000610724
61 0.000636997
62 0.000664904
63 0.000694217
64 0.0007251
65 0.000757834
66 0.000791901
67 0.00082888
68 0.000868588
69 0.000910641
70 0.000955842
71 0.00100512
72 0.00105887
73 0.00111685
74 0.00117778
75 0.00124173
76 0.00131064
77 0.00138664
78 0.00147573
79 0.00157655
80 0.00168937
81 0.00181487
82 0.00195137
83 0.00210666
84 0.00228357
85 0.00247979
86 0.00271966
87 0.00299081
88 0.00329576
89 0.00363468
90 0.00404844
91 0.00458006
92 0.00521852
93 0.00606789
94 0.00759217
95 0.00965654
96 0.0147026
97 0.0257266
98 0.0408493
99 0.0691583
100 0.100182
