1 4.78139e-06
2 9.27716e-06
3 1.40198e-05
4 1.88269e-05
5 2.36262e-05
6 2.83036e-05
7 3.29472e-05
8 3.76435e-05
9 4.24859e-05
10 4.73866e-05
11 5.23135e-05
12 5.73867e-05
13 6.23819e-05
14 6.73717e-05
15 7.24602e-05
16 7.78236e-05
17 8.33765e-05
18 8.90985e-05
19 9.49121e-05
20 0.000100817
21 0.000106851
22 0.000113083
23 0.000119524
24 0.000126161
25 0.000133078
26 0.000140182
27 0.000147572
28 0.000155058
29 0.000162843
30 0.00017096
31 0.000179314
32 0.000187858
33 0.000196688
34 0.000205827
35 0.000215045
36 0.000224489
37 0.000234242
38 0.000244187
39 0.000254418
40 0.000265164
41 0.000276498
42 0.000288215
43 0.000300225
44 0.000312547
45 0.000325452
46 0.000338978
47 0.000352787
48 0.000367094
49 0.000381895
50 0.000397438
51 0.000413809
52 0.000430659
53 0.000448447
54 0.000467175
55 0.000486434
56 0.000506315
57 0.000526448
58 0.000547345
59 0.000569229
60 0.00059232
61 0.000616777
62 0.000642432
63 0.000669149
64 0.000697074
65 0.000726193
66 0.000756584
67 0.000788858
68 0.000821949
69 0.000857088
70 0.000893911
71 0.000933376
72 0.000975535
73 0.00102071
74 0.00106958
75 0.00112223
76 0.00118135
77 0.0012463
78 0.00131696
79 0.001398
80 0.00148893
81 0.00159153
82 0.00170107
83 0.00182
84 0.00194924
85 0.00209044
86 0.00224039
87 0.00240632
88 0.00259823
89 0.00282086
90 0.00307796
91 0.00336593
92 0.00370692
93 0.00410473
94 0.00463295
95 0.00531645
96 0.00617989
97 0.00745918
98 0.00939206
99 0.0126116
100 0.0171474
