1 4.08285e-06
2 7.91877e-06
3 1.19557e-05
4 1.59294e-05
5 1.99975e-05
6 2.42179e-05
7 2.85579e-05
8 3.31979e-05
9 3.82219e-05
10 4.35404e-05
11 4.88506e-05
12 5.4212e-05
13 5.96262e-05
14 6.52349e-05
15 7.081e-05
16 7.655e-05
17 8.24e-05
18 8.84798e-05
19 9.47338e-05
20 0.000101215
21 0.000107893
22 0.000114533
23 0.000121242
24 0.000128102
25 0.000135047
26 0.000142073
27 0.000149204
28 0.000156531
29 0.000164181
30 0.000171986
31 0.000180071
32 0.000188483
33 0.0001972
34 0.000206136
35 0.000215249
36 0.000224526
37 0.000234293
38 0.000244463
39 0.000254929
40 0.000265673
41 0.00027686
42 0.000288616
43 0.000300774
44 0.000313264
45 0.000325986
46 0.000338961
47 0.000352315
48 0.000366109
49 0.000380419
50 0.000395322
51 0.000410815
52 0.000427231
53 0.000444201
54 0.000461619
55 0.000479715
56 0.000498711
57 0.00051886
58 0.000539982
59 0.000561767
60 0.000584608
61 0.00060839
62 0.000633079
63 0.000658965
64 0.000685989
65 0.000714865
66 0.00074539
67 0.000777069
68 0.000810253
69 0.000845702
70 0.000883243
71 0.000922251
72 0.000962968
73 0.00100839
74 0.00105943
75 0.00111354
76 0.00117306
77 0.00123778
78 0.00130666
79 0.00137885
80 0.00145957
81 0.00154437
82 0.00163473
83 0.00173427
84 0.00184311
85 0.00196268
86 0.00209273
87 0.00224679
88 0.00241154
89 0.00259292
90 0.00278957
91 0.00301562
92 0.00329245
93 0.00362296
94 0.00403439
95 0.00450973
96 0.00518366
97 0.00619484
98 0.00748819
99 0.0093354
100 0.0121743
