1 3.33054e-06
2 7.04582e-06
3 1.10992e-05
4 1.55838e-05
5 2.01998e-05
6 2.48874e-05
7 2.9617e-05
8 3.42518e-05
9 3.90546e-05
10 4.40173e-05
11 4.88889e-05
12 5.39231e-05
13 5.90157e-05
14 6.41803e-05
15 6.95579e-05
16 7.49687e-05
17 8.04558e-05
18 8.60518e-05
19 9.17887e-05
20 9.77354e-05
21 0.000103768
22 0.000109833
23 0.000116145
24 0.000122637
25 0.000129369
26 0.000136317
27 0.000143448
28 0.000150844
29 0.000158454
30 0.000166196
31 0.00017411
32 0.000182482
33 0.000191186
34 0.000200219
35 0.000209411
36 0.000218838
37 0.000228592
38 0.000238436
39 0.000248578
40 0.000259225
41 0.000270348
42 0.00028172
43 0.000293557
44 0.000305834
45 0.000318496
46 0.000332139
47 0.000346279
48 0.000360954
49 0.000376182
50 0.000392128
51 0.000408806
52 0.000426182
53 0.000444088
54 0.000463224
55 0.000483023
56 0.000503824
57 0.000525344
58 0.000547795
59 0.000571408
60 0.000596235
61 0.000621895
62 0.00064853
63 0.000676383
64 0.000705512
65 0.000736831
66 0.000770456
67 0.00080729
68 0.000847249
69 0.000888475
70 0.000932552
71 0.000978964
72 0.00102885
73 0.00108372
74 0.00114501
75 0.0012109
76 0.00128306
77 0.00136001
78 0.00144654
79 0.00154499
80 0.00164928
81 0.00176462
82 0.00189258
83 0.00202991
84 0.0021799
85 0.00234809
86 0.00253309
87 0.00275093
88 0.00300231
89 0.00328859
90 0.00359303
91 0.00393837
92 0.00435625
93 0.00493902
94 0.00566656
95 0.00655684
96 0.00782578
97 0.00987957
98 0.0157953
99 0.0258618
100 0.0551006
