1 3.3415e-06
2 7.31138e-06
3 1.17232e-05
4 1.57636e-05
5 2.02101e-05
6 2.46999e-05
7 2.92684e-05
8 3.39908e-05
9 3.88168e-05
10 4.36692e-05
11 4.86298e-05
12 5.37611e-05
13 5.90816e-05
14 6.45801e-05
15 7.03536e-05
16 7.62047e-05
17 8.21233e-05
18 8.81933e-05
19 9.44476e-05
20 0.000100812
21 0.000107337
22 0.000114051
23 0.000120759
24 0.00012768
25 0.000134712
26 0.000141917
27 0.00014927
28 0.000156742
29 0.000164591
30 0.000172589
31 0.000180875
32 0.00018945
33 0.000198347
34 0.000207466
35 0.000216834
36 0.000226653
37 0.000236577
38 0.000246764
39 0.000257431
40 0.000268567
41 0.000280166
42 0.00029201
43 0.000304433
44 0.000317303
45 0.000330693
46 0.000344785
47 0.000359538
48 0.000374636
49 0.00039028
50 0.000406552
51 0.000423385
52 0.000441348
53 0.000460278
54 0.000480095
55 0.000500774
56 0.0005222
57 0.000544629
58 0.000567608
59 0.000591261
60 0.000616102
61 0.000641848
62 0.000668967
63 0.000697743
64 0.000728002
65 0.000759951
66 0.000793538
67 0.00082877
68 0.000867094
69 0.000908027
70 0.000951107
71 0.000997246
72 0.00104719
73 0.00110276
74 0.0011637
75 0.00122889
76 0.00129917
77 0.001375
78 0.0014561
79 0.00154478
80 0.00163776
81 0.00173777
82 0.00184814
83 0.00196713
84 0.00209642
85 0.00224222
86 0.00241838
87 0.00262829
88 0.00287369
89 0.00315275
90 0.00347737
91 0.00385275
92 0.00427905
93 0.00478081
94 0.00544558
95 0.00649306
96 0.00845836
97 0.0113805
98 0.0171001
99 0.0346673
100 0.0552129
