1 4.07369e-06
2 8.39072e-06
3 1.28113e-05
4 1.73268e-05
5 2.18612e-05
6 2.6325e-05
7 3.0907e-05
8 3.5531e-05
9 4.05002e-05
10 4.56713e-05
11 5.1058e-05
12 5.64734e-05
13 6.19258e-05
14 6.75496e-05
15 7.32345e-05
16 7.89562e-05
17 8.47954e-05
18 9.07479e-05
19 9.67973e-05
20 0.000102966
21 0.000109316
22 0.000115876
23 0.000122553
24 0.000129367
25 0.000136292
26 0.000143394
27 0.000150566
28 0.00015799
29 0.000165745
30 0.000173693
31 0.000181797
32 0.000190132
33 0.000198732
34 0.000207621
35 0.000216833
36 0.000226482
37 0.000236395
38 0.000246706
39 0.000257476
40 0.000268678
41 0.000280352
42 0.000292626
43 0.000305341
44 0.000318564
45 0.000332441
46 0.000346856
47 0.000361843
48 0.00037761
49 0.000394138
50 0.000411415
51 0.000429678
52 0.00044849
53 0.00046827
54 0.000488605
55 0.000509575
56 0.000531282
57 0.000554061
58 0.000577946
59 0.000603275
60 0.000629817
61 0.000657577
62 0.000687081
63 0.000718576
64 0.00075145
65 0.000785158
66 0.00081955
67 0.000855495
68 0.000893615
69 0.000933302
70 0.000977098
71 0.0010249
72 0.0010776
73 0.00113256
74 0.00118997
75 0.00124939
76 0.00131379
77 0.00138772
78 0.00146599
79 0.00154968
80 0.00164222
81 0.0017436
82 0.0018583
83 0.00198527
84 0.00212916
85 0.00228385
86 0.00245333
87 0.00265642
88 0.00289837
89 0.00318378
90 0.00350527
91 0.00390508
92 0.00438577
93 0.00503259
94 0.00621539
95 0.00778671
96 0.00966187
97 0.0119548
98 0.0173126
99 0.0257298
100 0.0408601
