1 3.51728e-06
2 6.66256e-06
3 1.07314e-05
4 1.51357e-05
5 1.97191e-05
6 2.41999e-05
7 2.8669e-05
8 3.33454e-05
9 3.82192e-05
10 4.31902e-05
11 4.81372e-05
12 5.31782e-05
13 5.84942e-05
14 6.40234e-05
15 6.96397e-05
16 7.52728e-05
17 8.11872e-05
18 8.75049e-05
19 9.40169e-05
20 0.000100619
21 0.000107373
22 0.000114304
23 0.000121322
24 0.000128705
25 0.000136353
26 0.000144115
27 0.00015203
28 0.000160115
29 0.000168558
30 0.00017713
31 0.000185752
32 0.000194515
33 0.000203565
34 0.000213021
35 0.000222833
36 0.000232967
37 0.000243381
38 0.000254093
39 0.000264967
40 0.000276253
41 0.000288039
42 0.000300144
43 0.000312554
44 0.00032522
45 0.000338607
46 0.000352732
47 0.000367676
48 0.000383007
49 0.000398678
50 0.000414873
51 0.00043198
52 0.000449927
53 0.00046841
54 0.000487675
55 0.000508285
56 0.000529432
57 0.000551604
58 0.000575047
59 0.000599715
60 0.000625138
61 0.000651613
62 0.00067944
63 0.000708527
64 0.000738428
65 0.000770281
66 0.000803703
67 0.000839056
68 0.000877989
69 0.000919483
70 0.000964017
71 0.00101177
72 0.00106355
73 0.00111798
74 0.00117641
75 0.0012399
76 0.00130862
77 0.0013832
78 0.00146657
79 0.00155731
80 0.00165593
81 0.00176422
82 0.00188247
83 0.00201614
84 0.00216782
85 0.0023492
86 0.00255597
87 0.00278876
88 0.00305037
89 0.00338083
90 0.00377679
91 0.0042683
92 0.00500297
93 0.00621297
94 0.00785486
95 0.0116553
96 0.0169785
97 0.0235548
98 0.036838
99 0.0632109
100 0.0950607
