1 3.25493e-06
2 7.47218e-06
3 1.19273e-05
4 1.62472e-05
5 2.09046e-05
6 2.58147e-05
7 3.06469e-05
8 3.52596e-05
9 3.98399e-05
10 4.48257e-05
11 5.00154e-05
12 5.52959e-05
13 6.06532e-05
14 6.61629e-05
15 7.17794e-05
16 7.74713e-05
17 8.32262e-05
18 8.90487e-05
19 9.49237e-05
20 0.00010089
21 0.000107009
22 0.000113079
23 0.000119429
24 0.000125996
25 0.000132812
26 0.000139884
27 0.000146958
28 0.00015417
29 0.000161536
30 0.00016908
31 0.000176874
32 0.000185022
33 0.000193361
34 0.000201863
35 0.000210693
36 0.000219884
37 0.000229325
38 0.000238945
39 0.000248834
40 0.000259254
41 0.000270246
42 0.000281735
43 0.000293544
44 0.000305842
45 0.000318445
46 0.000331374
47 0.000344896
48 0.000358988
49 0.000373321
50 0.000387941
51 0.000403092
52 0.000419256
53 0.000436433
54 0.000454403
55 0.000472909
56 0.000492031
57 0.000512028
58 0.000532709
59 0.000554335
60 0.00057742
61 0.00060237
62 0.000628902
63 0.000656658
64 0.000685513
65 0.000715469
66 0.000746959
67 0.000780083
68 0.00081498
69 0.000852965
70 0.000893217
71 0.000936753
72 0.000983296
73 0.00103302
74 0.00108646
75 0.00114235
76 0.00120184
77 0.00126628
78 0.00133595
79 0.00141508
80 0.00150138
81 0.00159643
82 0.00170402
83 0.00182257
84 0.00195417
85 0.00210126
86 0.00226363
87 0.00245927
88 0.0027011
89 0.00297376
90 0.00330257
91 0.003766
92 0.00433161
93 0.00497179
94 0.00568942
95 0.00648601
96 0.00742929
97 0.00902974
98 0.0122695
99 0.0185514
100 0.0340536
