1 3.72736e-06
2 7.68989e-06
3 1.21341e-05
4 1.64089e-05
5 2.10077e-05
6 2.57655e-05
7 3.05988e-05
8 3.53813e-05
9 4.02458e-05
10 4.53694e-05
11 5.08139e-05
12 5.65039e-05
13 6.23483e-05
14 6.83049e-05
15 7.43646e-05
16 8.04548e-05
17 8.67369e-05
18 9.31105e-05
19 9.96165e-05
20 0.000106206
21 0.000112891
22 0.000119654
23 0.000126665
24 0.000133977
25 0.000141442
26 0.000149034
27 0.000156968
28 0.000165363
29 0.000173931
30 0.000182705
31 0.000191687
32 0.000200728
33 0.000210041
34 0.000219697
35 0.000229457
36 0.000239484
37 0.0002498
38 0.000260611
39 0.000271751
40 0.000283187
41 0.000294923
42 0.000306909
43 0.000319133
44 0.000331946
45 0.000345508
46 0.000359606
47 0.000374426
48 0.000389989
49 0.000405975
50 0.000422708
51 0.000440238
52 0.00045848
53 0.000477218
54 0.000496707
55 0.000516807
56 0.0005376
57 0.000559907
58 0.000583229
59 0.000608046
60 0.000634605
61 0.000662824
62 0.000692138
63 0.000725343
64 0.00076136
65 0.00080075
66 0.000843228
67 0.00088832
68 0.000936202
69 0.000987402
70 0.00104045
71 0.00109513
72 0.00115235
73 0.001214
74 0.00128258
75 0.00135552
76 0.00143476
77 0.00152029
78 0.00161581
79 0.00171864
80 0.00183299
81 0.00195335
82 0.00207927
83 0.00221478
84 0.00236046
85 0.0025214
86 0.0026999
87 0.00291066
88 0.00314913
89 0.00340918
90 0.00369478
91 0.00401387
92 0.00437899
93 0.00478989
94 0.00525296
95 0.00579
96 0.0065982
97 0.00776215
98 0.00925018
99 0.0119154
100 0.0189576
