1 4.04824e-06
2 7.54505e-06
3 1.16739e-05
4 1.62963e-05
5 2.10765e-05
6 2.5938e-05
7 3.09478e-05
8 3.5896e-05
9 4.08033e-05
10 4.56658e-05
11 5.05127e-05
12 5.5424e-05
13 6.03848e-05
14 6.54572e-05
15 7.07509e-05
16 7.62055e-05
17 8.1807e-05
18 8.75714e-05
19 9.35424e-05
20 9.96135e-05
21 0.000105872
22 0.000112236
23 0.000118868
24 0.000125795
25 0.000132923
26 0.000140228
27 0.000147763
28 0.000155479
29 0.000163366
30 0.000171653
31 0.000180035
32 0.000188598
33 0.000197594
34 0.000206799
35 0.000216327
36 0.000226195
37 0.000236504
38 0.000247022
39 0.000257749
40 0.000268693
41 0.000279937
42 0.000291565
43 0.000303449
44 0.000315974
45 0.000329081
46 0.000342662
47 0.000356667
48 0.000371071
49 0.000386028
50 0.000401401
51 0.00041739
52 0.000433806
53 0.000451165
54 0.000469513
55 0.000488286
56 0.000507555
57 0.000528036
58 0.000549563
59 0.000572199
60 0.000595868
61 0.000620673
62 0.000647374
63 0.000676059
64 0.000706764
65 0.000739492
66 0.000774462
67 0.000812393
68 0.000852499
69 0.000895328
70 0.000941398
71 0.000990384
72 0.00104195
73 0.00109571
74 0.00115316
75 0.00121638
76 0.00128411
77 0.00135626
78 0.00143744
79 0.00152643
80 0.00162536
81 0.00173351
82 0.00185559
83 0.00198722
84 0.00213324
85 0.00230329
86 0.00250691
87 0.00277249
88 0.00314597
89 0.0035979
90 0.00409614
91 0.00470586
92 0.00545099
93 0.00635099
94 0.00759252
95 0.00965945
96 0.011999
97 0.0147562
98 0.0188154
99 0.0257085
100 0.0363443
