1 3.92516e-06
2 8.24602e-06
3 1.22094e-05
4 1.62138e-05
5 2.05789e-05
6 2.49604e-05
7 2.92518e-05
8 3.36733e-05
9 3.83074e-05
10 4.31207e-05
11 4.80738e-05
12 5.33773e-05
13 5.87048e-05
14 6.41847e-05
15 6.96686e-05
16 7.52386e-05
17 8.08274e-05
18 8.64982e-05
19 9.23979e-05
20 9.84364e-05
21 0.000104641
22 0.000111065
23 0.000117545
24 0.000124194
25 0.000130975
26 0.000137867
27 0.000145066
28 0.000152547
29 0.000160216
30 0.000168109
31 0.000176273
32 0.000184709
33 0.00019348
34 0.000202503
35 0.000211763
36 0.000221389
37 0.000231315
38 0.000241412
39 0.00025171
40 0.000262357
41 0.000273373
42 0.000284733
43 0.000296455
44 0.000308643
45 0.00032125
46 0.00033456
47 0.000348381
48 0.00036242
49 0.000376956
50 0.000392131
51 0.000408082
52 0.000425024
53 0.000442528
54 0.000460602
55 0.000479902
56 0.000500623
57 0.000522677
58 0.00054577
59 0.00056964
60 0.000594857
61 0.000620932
62 0.000648497
63 0.000678369
64 0.00071007
65 0.000744996
66 0.000781682
67 0.0008203
68 0.000861168
69 0.000903739
70 0.000948392
71 0.000994954
72 0.00104412
73 0.00109635
74 0.00115192
75 0.00121342
76 0.00128528
77 0.00136526
78 0.00145083
79 0.00154185
80 0.00164055
81 0.00174488
82 0.00185698
83 0.00198084
84 0.00213026
85 0.00229297
86 0.00246495
87 0.00265638
88 0.00287537
89 0.00313613
90 0.00342442
91 0.00378251
92 0.00423086
93 0.00476584
94 0.00540404
95 0.00613702
96 0.00701111
97 0.00809583
98 0.00982646
99 0.0126548
100 0.0180527
