1 4.21877e-06
2 8.70962e-06
3 1.2873e-05
4 1.71159e-05
5 2.17147e-05
6 2.62585e-05
7 3.08111e-05
8 3.549e-05
9 4.02387e-05
10 4.50681e-05
11 4.99591e-05
12 5.49236e-05
13 5.9952e-05
14 6.50839e-05
15 7.05277e-05
16 7.62221e-05
17 8.22258e-05
18 8.83965e-05
19 9.48171e-05
20 0.000101442
21 0.000108219
22 0.000115194
23 0.00012231
24 0.000129406
25 0.000136723
26 0.000144387
27 0.000152269
28 0.000160347
29 0.000168646
30 0.000177084
31 0.000185728
32 0.000194614
33 0.000203708
34 0.000213104
35 0.000222833
36 0.000232752
37 0.000242821
38 0.000253398
39 0.00026433
40 0.000275767
41 0.000287451
42 0.00029944
43 0.000311949
44 0.000324831
45 0.000338356
46 0.000352287
47 0.000366634
48 0.000381588
49 0.000397357
50 0.000414062
51 0.000431091
52 0.000448751
53 0.000466916
54 0.000485926
55 0.000505899
56 0.000526612
57 0.000548182
58 0.000570784
59 0.000594139
60 0.000618825
61 0.000645085
62 0.000673701
63 0.000703942
64 0.000735624
65 0.000769867
66 0.000805769
67 0.000842996
68 0.000882412
69 0.000925669
70 0.000972897
71 0.00102238
72 0.00107442
73 0.00113014
74 0.00119197
75 0.00126212
76 0.00133936
77 0.00142329
78 0.00151428
79 0.00161448
80 0.00172177
81 0.00183822
82 0.00196504
83 0.00210161
84 0.00225439
85 0.00243828
86 0.0026462
87 0.00288606
88 0.00318641
89 0.00354072
90 0.00401942
91 0.00459613
92 0.00526338
93 0.00609252
94 0.00725242
95 0.0086054
96 0.0105587
97 0.0135758
98 0.0188255
99 0.0311095
100 0.0452639
