1 4.18892e-06
2 8.60223e-06
3 1.3109e-05
4 1.73054e-05
5 2.15926e-05
6 2.5924e-05
7 3.05087e-05
8 3.53688e-05
9 4.03348e-05
10 4.55055e-05
11 5.09001e-05
12 5.62905e-05
13 6.17855e-05
14 6.74283e-05
15 7.32756e-05
16 7.9245e-05
17 8.53173e-05
18 9.14248e-05
19 9.76357e-05
20 0.00010404
21 0.000110705
22 0.00011778
23 0.000125155
24 0.00013285
25 0.00014085
26 0.000148979
27 0.000157277
28 0.000165941
29 0.000174925
30 0.000184237
31 0.000194058
32 0.000204185
33 0.000214426
34 0.000225016
35 0.000235902
36 0.000246874
37 0.000258282
38 0.000269982
39 0.000282178
40 0.000294693
41 0.00030764
42 0.000321065
43 0.000334819
44 0.000349101
45 0.000363999
46 0.000379156
47 0.000394597
48 0.000410641
49 0.000427118
50 0.000443975
51 0.000461212
52 0.000479598
53 0.000498999
54 0.000518862
55 0.000539376
56 0.000560391
57 0.000582683
58 0.000606576
59 0.000631538
60 0.000658439
61 0.000686138
62 0.000715617
63 0.000747204
64 0.000780129
65 0.000815069
66 0.000851855
67 0.000890674
68 0.000930802
69 0.000973914
70 0.00101776
71 0.00106295
72 0.00111123
73 0.00116341
74 0.00122085
75 0.00128396
76 0.001354
77 0.00142819
78 0.00150733
79 0.0015922
80 0.0016794
81 0.00177542
82 0.00187991
83 0.00199587
84 0.00213121
85 0.00228859
86 0.00246801
87 0.00268536
88 0.00295656
89 0.00328608
90 0.00365655
91 0.00408224
92 0.00458832
93 0.00529314
94 0.00621989
95 0.00755362
96 0.00918981
97 0.0112111
98 0.0137629
99 0.0175661
100 0.0256281
