1 3.71883e-06
2 7.96622e-06
3 1.27822e-05
4 1.75497e-05
5 2.21987e-05
6 2.70959e-05
7 3.19553e-05
8 3.69765e-05
9 4.19861e-05
10 4.7017e-05
11 5.21132e-05
12 5.73957e-05
13 6.29104e-05
14 6.8542e-05
15 7.42385e-05
16 8.00281e-05
17 8.59892e-05
18 9.21026e-05
19 9.82801e-05
20 0.00010473
21 0.000111302
22 0.000118057
23 0.000124902
24 0.000131832
25 0.000138942
26 0.000146338
27 0.000153863
28 0.000161643
29 0.000169634
30 0.000178036
31 0.000186745
32 0.000195938
33 0.000205437
34 0.000215248
35 0.000225329
36 0.000235637
37 0.000246634
38 0.000258124
39 0.000270108
40 0.00028225
41 0.000295096
42 0.000308471
43 0.000322121
44 0.000336141
45 0.000350564
46 0.00036523
47 0.000380269
48 0.000395829
49 0.000412047
50 0.000429023
51 0.000446725
52 0.000465463
53 0.00048476
54 0.000504974
55 0.000526309
56 0.000548746
57 0.000571863
58 0.000595809
59 0.000621129
60 0.000647974
61 0.000676377
62 0.000705875
63 0.000736493
64 0.000768547
65 0.000802481
66 0.00083883
67 0.000877402
68 0.000918568
69 0.000962418
70 0.00100954
71 0.00105947
72 0.00111345
73 0.00117045
74 0.00123109
75 0.00129819
76 0.00137147
77 0.00145562
78 0.00155562
79 0.00166252
80 0.00177737
81 0.00190627
82 0.00204448
83 0.00219365
84 0.00236013
85 0.0025414
86 0.00276795
87 0.00301954
88 0.00329239
89 0.0036074
90 0.00396848
91 0.00439522
92 0.00493167
93 0.00564548
94 0.00649714
95 0.00763692
96 0.0092715
97 0.0114957
98 0.0142834
99 0.0208924
100 0.043772
