1 4.62638e-06
2 9.09822e-06
3 1.35422e-05
4 1.7853e-05
5 2.20926e-05
6 2.65341e-05
7 3.10606e-05
8 3.5659e-05
9 4.03885e-05
10 4.51383e-05
11 4.9963e-05
12 5.48907e-05
13 5.98982e-05
14 6.50557e-05
15 7.04907e-05
16 7.61133e-05
17 8.19585e-05
18 8.78821e-05
19 9.38638e-05
20 9.99625e-05
21 0.000106255
22 0.000112601
23 0.000119136
24 0.000125814
25 0.000132655
26 0.000139751
27 0.000146988
28 0.000154477
29 0.000162342
30 0.000170557
31 0.000179002
32 0.000187711
33 0.00019665
34 0.000205882
35 0.00021538
36 0.000225093
37 0.000235093
38 0.000245369
39 0.000255963
40 0.000267102
41 0.000278734
42 0.000290939
43 0.000303441
44 0.000316389
45 0.000329928
46 0.000343933
47 0.000358548
48 0.000373655
49 0.000389312
50 0.000405503
51 0.000422409
52 0.000440125
53 0.000458486
54 0.000477519
55 0.000497127
56 0.000517769
57 0.00053913
58 0.000561101
59 0.000583637
60 0.000607078
61 0.000632181
62 0.000658925
63 0.000688027
64 0.000718442
65 0.000749835
66 0.000781705
67 0.000814749
68 0.000849913
69 0.000887604
70 0.000926652
71 0.000967762
72 0.00101318
73 0.00106194
74 0.00111423
75 0.00116924
76 0.00122914
77 0.00129478
78 0.00136802
79 0.00144957
80 0.00154371
81 0.00164748
82 0.00176068
83 0.00188338
84 0.00202256
85 0.0021834
86 0.00237371
87 0.00258697
88 0.00282752
89 0.00311702
90 0.00348608
91 0.00393553
92 0.00449615
93 0.0052343
94 0.00648119
95 0.00785964
96 0.00950111
97 0.0117638
98 0.0154473
99 0.0239821
100 0.0393735
