1 4.5905e-06
2 8.9294e-06
3 1.29959e-05
4 1.72995e-05
5 2.17207e-05
6 2.6145e-05
7 3.04788e-05
8 3.48118e-05
9 3.94207e-05
10 4.41625e-05
11 4.89632e-05
12 5.37584e-05
13 5.86928e-05
14 6.37615e-05
15 6.88043e-05
16 7.3977e-05
17 7.9158e-05
18 8.45816e-05
19 9.01927e-05
20 9.60383e-05
21 0.000102086
22 0.000108266
23 0.000114626
24 0.000121278
25 0.000128121
26 0.000135214
27 0.000142635
28 0.000150389
29 0.000158385
30 0.000166586
31 0.000175088
32 0.000183768
33 0.000192645
34 0.000201842
35 0.00021115
36 0.000220558
37 0.000230282
38 0.000240206
39 0.00025052
40 0.000261176
41 0.000272306
42 0.000283968
43 0.000296098
44 0.000308681
45 0.000321549
46 0.00033516
47 0.000349231
48 0.00036362
49 0.000378186
50 0.000393148
51 0.000408535
52 0.000424374
53 0.000440645
54 0.000457356
55 0.000474448
56 0.000492541
57 0.000511992
58 0.000532839
59 0.000555327
60 0.000579504
61 0.000605227
62 0.000632097
63 0.000659869
64 0.000688416
65 0.000718307
66 0.000751353
67 0.000786396
68 0.000822649
69 0.000861428
70 0.000902928
71 0.000948571
72 0.000997312
73 0.00105115
74 0.00111048
75 0.00117472
76 0.00124393
77 0.00132156
78 0.00140687
79 0.00150645
80 0.00162254
81 0.00175695
82 0.00190053
83 0.0020698
84 0.00226245
85 0.00246517
86 0.00269122
87 0.00305239
88 0.00345442
89 0.0038878
90 0.00436977
91 0.00492209
92 0.00560849
93 0.00659827
94 0.00771927
95 0.00892558
96 0.0107008
97 0.0129594
98 0.0157056
99 0.0189303
100 0.0228956
