1 3.80635e-06
2 7.98415e-06
3 1.23265e-05
4 1.67894e-05
5 2.12212e-05
6 2.57602e-05
7 3.0335e-05
8 3.50257e-05
9 3.99029e-05
10 4.47387e-05
11 4.94566e-05
12 5.41891e-05
13 5.9014e-05
14 6.39655e-05
15 6.91826e-05
16 7.46132e-05
17 8.02357e-05
18 8.59135e-05
19 9.16661e-05
20 9.75716e-05
21 0.000103601
22 0.000109919
23 0.000116447
24 0.000123254
25 0.000130276
26 0.000137685
27 0.000145211
28 0.000152782
29 0.000160404
30 0.000168342
31 0.00017666
32 0.000185231
33 0.000194185
34 0.000203556
35 0.000213351
36 0.000223503
37 0.000234021
38 0.000244923
39 0.000256243
40 0.000267861
41 0.000279796
42 0.000292112
43 0.00030488
44 0.000318179
45 0.00033175
46 0.000345799
47 0.000360354
48 0.000375148
49 0.000390574
50 0.000406707
51 0.000423325
52 0.000440762
53 0.000458923
54 0.00047804
55 0.000497825
56 0.000518254
57 0.000539541
58 0.00056212
59 0.000585512
60 0.000610597
61 0.000637329
62 0.000665509
63 0.000695259
64 0.000727249
65 0.000761291
66 0.000796857
67 0.000835414
68 0.000876032
69 0.000919537
70 0.000965435
71 0.00101358
72 0.00106474
73 0.0011192
74 0.00117748
75 0.00124099
76 0.00130992
77 0.00138455
78 0.00146741
79 0.00155742
80 0.00165414
81 0.00176251
82 0.00188711
83 0.00202154
84 0.0021681
85 0.00233485
86 0.0025163
87 0.00270765
88 0.00293857
89 0.00322654
90 0.00354684
91 0.0038994
92 0.00430981
93 0.00486131
94 0.00567435
95 0.00692811
96 0.0083199
97 0.0100533
98 0.0125612
99 0.0153625
100 0.0207652
