1 3.62074e-06
2 7.16943e-06
3 1.16019e-05
4 1.60164e-05
5 2.04093e-05
6 2.5012e-05
7 2.98329e-05
8 3.45778e-05
9 3.92515e-05
10 4.40046e-05
11 4.88854e-05
12 5.40233e-05
13 5.92895e-05
14 6.4632e-05
15 7.0122e-05
16 7.56758e-05
17 8.1324e-05
18 8.71713e-05
19 9.32967e-05
20 9.97226e-05
21 0.000106367
22 0.000113147
23 0.000120019
24 0.000127139
25 0.00013458
26 0.000142077
27 0.000149744
28 0.000157621
29 0.000165614
30 0.000173657
31 0.000181884
32 0.000190294
33 0.00019895
34 0.000208064
35 0.000217471
36 0.000227199
37 0.000237188
38 0.000247467
39 0.000258076
40 0.000268947
41 0.000280031
42 0.000291546
43 0.000303338
44 0.000315634
45 0.000328354
46 0.000341508
47 0.000355559
48 0.000370182
49 0.000385503
50 0.000401391
51 0.000418293
52 0.00043591
53 0.000454213
54 0.00047361
55 0.000494209
56 0.000515844
57 0.000538255
58 0.000561395
59 0.000586115
60 0.000612327
61 0.000639767
62 0.00066868
63 0.000699267
64 0.000731674
65 0.000765976
66 0.000802129
67 0.00084003
68 0.000879866
69 0.000922876
70 0.000970061
71 0.00101986
72 0.00107305
73 0.00113265
74 0.00119689
75 0.00126791
76 0.00134346
77 0.00142383
78 0.00151233
79 0.00160752
80 0.00170945
81 0.00181735
82 0.0019343
83 0.0020748
84 0.00223366
85 0.002405
86 0.00259032
87 0.00279912
88 0.00303232
89 0.00331933
90 0.00363165
91 0.00398529
92 0.00438044
93 0.00493478
94 0.00575899
95 0.00697523
96 0.00852973
97 0.0122061
98 0.0175958
99 0.0277524
100 0.0407864
