1 4.37195e-06
2 8.48262e-06
3 1.30385e-05
4 1.74467e-05
5 2.1845e-05
6 2.66127e-05
7 3.13994e-05
8 3.61799e-05
9 4.10491e-05
10 4.60339e-05
11 5.10758e-05
12 5.62018e-05
13 6.12523e-05
14 6.65496e-05
15 7.19748e-05
16 7.74109e-05
17 8.29831e-05
18 8.88202e-05
19 9.47581e-05
20 0.000100761
21 0.000106916
22 0.000113285
23 0.000119786
24 0.000126382
25 0.000133131
26 0.000140127
27 0.000147478
28 0.000155102
29 0.000163021
30 0.000171265
31 0.000179804
32 0.000188643
33 0.000197654
34 0.00020698
35 0.000216488
36 0.000226201
37 0.000236194
38 0.0002467
39 0.000257689
40 0.000269198
41 0.000281127
42 0.000293337
43 0.000306005
44 0.00031894
45 0.000332332
46 0.000346166
47 0.000360483
48 0.000375306
49 0.000390876
50 0.000407267
51 0.000424267
52 0.00044182
53 0.000460433
54 0.000479932
55 0.000500288
56 0.000521503
57 0.00054386
58 0.000567149
59 0.000592023
60 0.000618225
61 0.000645681
62 0.0006741
63 0.000704749
64 0.000737837
65 0.000772671
66 0.000810373
67 0.00084975
68 0.000890218
69 0.000933568
70 0.000979091
71 0.00102693
72 0.0010769
73 0.00112856
74 0.00118384
75 0.00124315
76 0.00130715
77 0.00137791
78 0.00145663
79 0.00154324
80 0.00163605
81 0.00174068
82 0.00185898
83 0.00198931
84 0.00213734
85 0.00229277
86 0.00246622
87 0.00266437
88 0.00289149
89 0.00315195
90 0.00345672
91 0.0038106
92 0.00424743
93 0.00480048
94 0.00548202
95 0.00650881
96 0.00780966
97 0.00967243
98 0.0125608
99 0.0217514
100 0.0393974
