1 3.95988e-06
2 7.5536e-06
3 1.11814e-05
4 1.49998e-05
5 1.87038e-05
6 2.25626e-05
7 2.66754e-05
8 3.0869e-05
9 3.54073e-05
10 4.01277e-05
11 4.49632e-05
12 5.0016e-05
13 5.52142e-05
14 6.05158e-05
15 6.59904e-05
16 7.15756e-05
17 7.73527e-05
18 8.32379e-05
19 8.93269e-05
20 9.54835e-05
21 0.000101682
22 0.0001079
23 0.000114306
24 0.0001209
25 0.000127631
26 0.000134423
27 0.0001415
28 0.000148867
29 0.000156477
30 0.00016422
31 0.000172264
32 0.000180623
33 0.000189261
34 0.000198067
35 0.000207291
36 0.000216826
37 0.00022662
38 0.000236719
39 0.000247156
40 0.000258061
41 0.000269447
42 0.000281247
43 0.000293362
44 0.000306037
45 0.000319184
46 0.000332891
47 0.00034725
48 0.000362291
49 0.00037764
50 0.00039333
51 0.000409454
52 0.000425963
53 0.000443072
54 0.000460764
55 0.000479133
56 0.000498535
57 0.000518531
58 0.000539058
59 0.000560418
60 0.000582436
61 0.000605643
62 0.000630037
63 0.000656311
64 0.000683902
65 0.00071254
66 0.00074262
67 0.000774557
68 0.000808386
69 0.000844869
70 0.00088281
71 0.000925994
72 0.00097175
73 0.00101984
74 0.00107062
75 0.00112382
76 0.001181
77 0.00124152
78 0.00130566
79 0.00137541
80 0.00145201
81 0.00153806
82 0.00163364
83 0.00174136
84 0.00186581
85 0.00200307
86 0.00216701
87 0.0023531
88 0.00257471
89 0.00285406
90 0.00318755
91 0.00359313
92 0.00409168
93 0.00473823
94 0.00556214
95 0.00666544
96 0.00873987
97 0.0124232
98 0.017214
99 0.024489
100 0.0462503
