1 3.16159e-06
2 7.1426e-06
3 1.12983e-05
4 1.55313e-05
5 2.00982e-05
6 2.45946e-05
7 2.93124e-05
8 3.40658e-05
9 3.89981e-05
10 4.42182e-05
11 4.94306e-05
12 5.47127e-05
13 6.00612e-05
14 6.53861e-05
15 7.08508e-05
16 7.63943e-05
17 8.21266e-05
18 8.80732e-05
19 9.41777e-05
20 0.000100435
21 0.000106865
22 0.000113389
23 0.000120054
24 0.00012694
25 0.000133947
26 0.000141149
27 0.000148673
28 0.000156401
29 0.000164236
30 0.000172162
31 0.000180225
32 0.000188537
33 0.000197251
34 0.000206245
35 0.000215353
36 0.000224766
37 0.000234479
38 0.000244518
39 0.000254826
40 0.00026539
41 0.000276288
42 0.000287464
43 0.000298688
44 0.000310278
45 0.000322565
46 0.00033543
47 0.000348871
48 0.000363101
49 0.000377823
50 0.000393428
51 0.000409606
52 0.000426489
53 0.000444108
54 0.000462515
55 0.000481912
56 0.00050204
57 0.000523186
58 0.000545174
59 0.000568154
60 0.000592381
61 0.000618679
62 0.000646219
63 0.000675443
64 0.000706904
65 0.000740058
66 0.000774541
67 0.000810624
68 0.000848474
69 0.000889073
70 0.000932617
71 0.000978936
72 0.00102797
73 0.00108317
74 0.00114323
75 0.00120926
76 0.00128403
77 0.0013656
78 0.00145116
79 0.00154492
80 0.00164903
81 0.00176031
82 0.00188017
83 0.00201844
84 0.00217218
85 0.00234147
86 0.00252539
87 0.00273489
88 0.00298626
89 0.00328791
90 0.0036452
91 0.00405061
92 0.0044931
93 0.00501553
94 0.00564244
95 0.00640896
96 0.00728062
97 0.00863711
98 0.0107281
99 0.0133503
100 0.0180728
