1 3.27649e-06
2 6.81595e-06
3 1.03243e-05
4 1.43895e-05
5 1.89092e-05
6 2.34823e-05
7 2.8243e-05
8 3.31786e-05
9 3.80209e-05
10 4.2927e-05
11 4.78938e-05
12 5.29718e-05
13 5.80097e-05
14 6.31106e-05
15 6.83429e-05
16 7.39125e-05
17 7.95697e-05
18 8.54036e-05
19 9.14358e-05
20 9.76655e-05
21 0.000103907
22 0.000110166
23 0.000116584
24 0.000123268
25 0.000130252
26 0.000137368
27 0.000144704
28 0.000152351
29 0.00016031
30 0.000168495
31 0.000176937
32 0.000185756
33 0.000194875
34 0.000204231
35 0.000213831
36 0.000223773
37 0.000233965
38 0.000244351
39 0.000254939
40 0.000265821
41 0.000277125
42 0.000288796
43 0.000300728
44 0.000313054
45 0.000325631
46 0.000338644
47 0.000352211
48 0.000366524
49 0.000381503
50 0.000397176
51 0.000413835
52 0.000431085
53 0.000448766
54 0.000467112
55 0.000486137
56 0.000506144
57 0.000526627
58 0.00054748
59 0.00056877
60 0.000590869
61 0.000614072
62 0.000638657
63 0.000664231
64 0.000691187
65 0.000719906
66 0.000750686
67 0.000784477
68 0.000820641
69 0.000858956
70 0.000899589
71 0.000943419
72 0.000989774
73 0.00103907
74 0.00109086
75 0.00114338
76 0.00120231
77 0.00126597
78 0.0013367
79 0.00141187
80 0.0014931
81 0.00158651
82 0.00168794
83 0.00179445
84 0.001912
85 0.00204189
86 0.00218083
87 0.00233455
88 0.00250703
89 0.00271545
90 0.00296377
91 0.00326962
92 0.00361233
93 0.00400598
94 0.00446705
95 0.00509992
96 0.00613783
97 0.00749436
98 0.0094202
99 0.0121879
100 0.0160363
