1 4.15811e-06
2 8.78964e-06
3 1.34143e-05
4 1.76689e-05
5 2.19242e-05
6 2.61327e-05
7 3.06581e-05
8 3.54205e-05
9 4.02927e-05
10 4.52095e-05
11 5.04385e-05
12 5.58409e-05
13 6.13257e-05
14 6.69432e-05
15 7.25486e-05
16 7.82406e-05
17 8.4046e-05
18 9.0256e-05
19 9.65146e-05
20 0.000103
21 0.000109579
22 0.000116237
23 0.000123077
24 0.000130104
25 0.000137233
26 0.000144444
27 0.000151842
28 0.000159494
29 0.000167441
30 0.000175716
31 0.000184174
32 0.00019276
33 0.000201638
34 0.000210753
35 0.000220122
36 0.000229632
37 0.000239364
38 0.000249471
39 0.000259976
40 0.000270913
41 0.00028244
42 0.000294466
43 0.000307119
44 0.000320466
45 0.000334111
46 0.000348167
47 0.000362601
48 0.000377616
49 0.000393143
50 0.000409383
51 0.00042617
52 0.000443799
53 0.000461876
54 0.000480623
55 0.000499788
56 0.000519948
57 0.000540917
58 0.000562669
59 0.000585188
60 0.000609042
61 0.000634518
62 0.000661384
63 0.000689776
64 0.000720084
65 0.00075309
66 0.000788645
67 0.000825865
68 0.000865001
69 0.000907628
70 0.000954235
71 0.00100512
72 0.0010589
73 0.00111393
74 0.00117169
75 0.00123459
76 0.00130196
77 0.00137453
78 0.00145357
79 0.0015403
80 0.0016338
81 0.0017332
82 0.0018414
83 0.00196063
84 0.00209736
85 0.00224721
86 0.00241617
87 0.00261617
88 0.00288568
89 0.00321346
90 0.00360614
91 0.00413761
92 0.00481217
93 0.00557395
94 0.00648819
95 0.00774334
96 0.0103069
97 0.0138314
98 0.0177483
99 0.0247408
100 0.037985
