1 4.07838e-06
2 8.15511e-06
3 1.22044e-05
4 1.63134e-05
5 2.03371e-05
6 2.43506e-05
7 2.85738e-05
8 3.28426e-05
9 3.73282e-05
10 4.20666e-05
11 4.6867e-05
12 5.1617e-05
13 5.65402e-05
14 6.15119e-05
15 6.67433e-05
16 7.21808e-05
17 7.78396e-05
18 8.37109e-05
19 8.97364e-05
20 9.59718e-05
21 0.000102409
22 0.000108937
23 0.000115695
24 0.0001227
25 0.000129807
26 0.000137032
27 0.000144557
28 0.000152436
29 0.000160591
30 0.000168957
31 0.000177495
32 0.000186282
33 0.000195132
34 0.000204271
35 0.000213586
36 0.000223252
37 0.000233267
38 0.000243501
39 0.000254058
40 0.000264881
41 0.000276213
42 0.000288072
43 0.000300404
44 0.00031327
45 0.0003268
46 0.000340934
47 0.000355437
48 0.000370307
49 0.000385663
50 0.000401328
51 0.000417441
52 0.000434215
53 0.000451806
54 0.000470272
55 0.000489651
56 0.000510077
57 0.000531665
58 0.000554581
59 0.000578459
60 0.000603438
61 0.000629985
62 0.000658056
63 0.000687384
64 0.000719066
65 0.000753386
66 0.000789539
67 0.000828539
68 0.000869279
69 0.000912831
70 0.000958843
71 0.00100702
72 0.00105704
73 0.00110951
74 0.00116562
75 0.00122633
76 0.00129389
77 0.00137223
78 0.00145766
79 0.00154863
80 0.00165183
81 0.001771
82 0.0019039
83 0.00204898
84 0.00220944
85 0.00242201
86 0.00266268
87 0.00294724
88 0.00326975
89 0.00365649
90 0.00414436
91 0.0048655
92 0.0057899
93 0.00690429
94 0.0083112
95 0.00993841
96 0.0130896
97 0.0192476
98 0.0276712
99 0.042778
100 0.0667726
