1 4.63496e-06
2 8.83131e-06
3 1.31183e-05
4 1.79269e-05
5 2.27356e-05
6 2.76432e-05
7 3.23973e-05
8 3.70527e-05
9 4.15775e-05
10 4.62315e-05
11 5.10888e-05
12 5.59776e-05
13 6.09917e-05
14 6.59635e-05
15 7.10439e-05
16 7.62447e-05
17 8.15176e-05
18 8.68375e-05
19 9.22794e-05
20 9.7859e-05
21 0.000103688
22 0.000109696
23 0.000116001
24 0.000122446
25 0.000129059
26 0.000135912
27 0.000143059
28 0.000150401
29 0.000157883
30 0.000165636
31 0.000173607
32 0.000182051
33 0.000190827
34 0.000199909
35 0.000209223
36 0.000218669
37 0.00022826
38 0.000238032
39 0.000248134
40 0.000258578
41 0.000269309
42 0.000280597
43 0.000292339
44 0.000304447
45 0.000316953
46 0.000329966
47 0.00034336
48 0.000357315
49 0.00037182
50 0.000386922
51 0.000402411
52 0.000418566
53 0.00043539
54 0.000452895
55 0.000471385
56 0.000490641
57 0.000510398
58 0.000531241
59 0.000553296
60 0.000576414
61 0.000600665
62 0.000626548
63 0.000653319
64 0.000681593
65 0.000711355
66 0.000742548
67 0.000775269
68 0.000810924
69 0.000849332
70 0.000890508
71 0.000935091
72 0.000982626
73 0.00103141
74 0.00108407
75 0.00114118
76 0.00120344
77 0.00127339
78 0.00134889
79 0.00143014
80 0.00151996
81 0.00162595
82 0.0017416
83 0.00186608
84 0.00199994
85 0.002148
86 0.00231789
87 0.00251452
88 0.00276228
89 0.00305779
90 0.00340144
91 0.00379242
92 0.00425064
93 0.00480517
94 0.00550594
95 0.00646518
96 0.00764512
97 0.00929214
98 0.0117542
99 0.014775
100 0.0201876
