1 4.65378e-06
2 8.79329e-06
3 1.30552e-05
4 1.73436e-05
5 2.1811e-05
6 2.63894e-05
7 3.11781e-05
8 3.61114e-05
9 4.09833e-05
10 4.60224e-05
11 5.10697e-05
12 5.59505e-05
13 6.09531e-05
14 6.60661e-05
15 7.12874e-05
16 7.66278e-05
17 8.2234e-05
18 8.79409e-05
19 9.3722e-05
20 9.96581e-05
21 0.000105798
22 0.000112035
23 0.000118465
24 0.000125117
25 0.000132154
26 0.000139289
27 0.000146688
28 0.000154317
29 0.000162136
30 0.000170144
31 0.000178214
32 0.00018642
33 0.000194834
34 0.000203441
35 0.000212267
36 0.000221415
37 0.000230808
38 0.000240788
39 0.000251272
40 0.000262056
41 0.000273166
42 0.000284636
43 0.000296473
44 0.000308629
45 0.000321308
46 0.000334376
47 0.000348074
48 0.000362486
49 0.000377259
50 0.000392597
51 0.000408936
52 0.000425949
53 0.000443437
54 0.000461544
55 0.000479968
56 0.000498891
57 0.000518812
58 0.000539803
59 0.000561901
60 0.000585156
61 0.000609323
62 0.000634681
63 0.000661908
64 0.000690765
65 0.00072217
66 0.000754952
67 0.000789577
68 0.000825477
69 0.000863273
70 0.000902829
71 0.000944732
72 0.00098888
73 0.00103523
74 0.00108488
75 0.00114123
76 0.0012024
77 0.0012685
78 0.00133849
79 0.00141771
80 0.0015013
81 0.00159108
82 0.00169634
83 0.00181795
84 0.00195182
85 0.00210183
86 0.00226104
87 0.0024495
88 0.00269985
89 0.00298925
90 0.00331387
91 0.00372119
92 0.00421442
93 0.0047777
94 0.00549356
95 0.0063728
96 0.00758263
97 0.00927663
98 0.0121821
99 0.0182559
100 0.0276066
