1 4.65947e-06
2 8.95134e-06
3 1.36804e-05
4 1.79548e-05
5 2.21731e-05
6 2.64729e-05
7 3.0815e-05
8 3.52807e-05
9 3.9781e-05
10 4.43575e-05
11 4.91004e-05
12 5.38758e-05
13 5.87977e-05
14 6.38067e-05
15 6.89108e-05
16 7.4206e-05
17 7.96507e-05
18 8.5133e-05
19 9.07985e-05
20 9.68304e-05
21 0.000102953
22 0.000109129
23 0.000115439
24 0.000121987
25 0.00012866
26 0.000135466
27 0.000142558
28 0.000149816
29 0.000157252
30 0.00016483
31 0.000172582
32 0.000180443
33 0.000188462
34 0.000196715
35 0.000205218
36 0.000213978
37 0.000223139
38 0.000232611
39 0.000242477
40 0.000252697
41 0.000263285
42 0.000274198
43 0.000285412
44 0.000297165
45 0.000309498
46 0.000322356
47 0.000335634
48 0.000349379
49 0.000363715
50 0.000378499
51 0.000394212
52 0.000410883
53 0.000428195
54 0.000446399
55 0.000465264
56 0.000485095
57 0.000505966
58 0.000527907
59 0.000550354
60 0.000573644
61 0.000598066
62 0.0006239
63 0.000650847
64 0.000679254
65 0.000710519
66 0.000743511
67 0.000778535
68 0.000815994
69 0.000856226
70 0.000898351
71 0.000942076
72 0.000989235
73 0.00103914
74 0.00109236
75 0.0011476
76 0.00120544
77 0.00126766
78 0.00133588
79 0.00140951
80 0.00148712
81 0.00157599
82 0.00167674
83 0.00178832
84 0.00190902
85 0.00204414
86 0.00219635
87 0.00236841
88 0.00256358
89 0.00279478
90 0.0030583
91 0.00340721
92 0.00382765
93 0.00431321
94 0.00485603
95 0.0055487
96 0.00639166
97 0.00788028
98 0.0106404
99 0.0142251
100 0.0210106
