1 2.96004e-06
2 7.05734e-06
3 1.11424e-05
4 1.5423e-05
5 1.98761e-05
6 2.44221e-05
7 2.91031e-05
8 3.39691e-05
9 3.88583e-05
10 4.38051e-05
11 4.88636e-05
12 5.40121e-05
13 5.91467e-05
14 6.43791e-05
15 6.96826e-05
16 7.50896e-05
17 8.07476e-05
18 8.65806e-05
19 9.25446e-05
20 9.86745e-05
21 0.000104789
22 0.000111063
23 0.000117546
24 0.000124202
25 0.000131155
26 0.000138401
27 0.000145871
28 0.000153479
29 0.000161301
30 0.000169421
31 0.000177947
32 0.000186763
33 0.000195846
34 0.000205168
35 0.000214889
36 0.000225081
37 0.00023576
38 0.000246675
39 0.000257705
40 0.000269021
41 0.000281007
42 0.000293333
43 0.000305944
44 0.000318979
45 0.000332703
46 0.000346767
47 0.000361331
48 0.000376474
49 0.000392021
50 0.000408078
51 0.000424621
52 0.000441721
53 0.000459242
54 0.000477448
55 0.000496372
56 0.000516252
57 0.000537348
58 0.000559528
59 0.000583219
60 0.000607594
61 0.00063298
62 0.000659719
63 0.000688129
64 0.00071772
65 0.000748292
66 0.000780237
67 0.000813546
68 0.000848267
69 0.000887542
70 0.000931103
71 0.000977877
72 0.00102918
73 0.00108541
74 0.0011448
75 0.00120851
76 0.00127617
77 0.00134841
78 0.00142545
79 0.00151307
80 0.00160798
81 0.00170848
82 0.00181644
83 0.00194136
84 0.00208899
85 0.00225345
86 0.00243201
87 0.00262859
88 0.00285498
89 0.00312535
90 0.00346758
91 0.00393029
92 0.00454359
93 0.00533809
94 0.00627065
95 0.00761382
96 0.00925056
97 0.0118606
98 0.0150967
99 0.0217984
100 0.0348635
