1 4.43848e-06
2 8.86765e-06
3 1.35305e-05
4 1.81548e-05
5 2.27967e-05
6 2.72581e-05
7 3.18479e-05
8 3.64646e-05
9 4.1276e-05
10 4.60348e-05
11 5.08069e-05
12 5.56647e-05
13 6.04536e-05
14 6.54677e-05
15 7.0808e-05
16 7.63618e-05
17 8.19044e-05
18 8.75412e-05
19 9.32757e-05
20 9.92749e-05
21 0.000105407
22 0.000111915
23 0.00011865
24 0.000125434
25 0.000132368
26 0.000139496
27 0.000146645
28 0.000154048
29 0.000161822
30 0.000169839
31 0.000178091
32 0.000186374
33 0.000194949
34 0.000203746
35 0.000212811
36 0.000222167
37 0.000231867
38 0.000241859
39 0.000252055
40 0.000262472
41 0.000273287
42 0.000284346
43 0.000295758
44 0.000307614
45 0.000319865
46 0.000332552
47 0.00034594
48 0.000359892
49 0.000374379
50 0.000389635
51 0.000405507
52 0.000422068
53 0.000438898
54 0.000456282
55 0.000474278
56 0.00049271
57 0.000511804
58 0.00053189
59 0.000553521
60 0.000576183
61 0.000599761
62 0.000624447
63 0.000650279
64 0.00067775
65 0.00070799
66 0.00074037
67 0.000773832
68 0.000808401
69 0.00084623
70 0.000888179
71 0.000934189
72 0.000982086
73 0.00103297
74 0.00108833
75 0.00114759
76 0.00121145
77 0.00128029
78 0.00135515
79 0.00143735
80 0.00152927
81 0.00163003
82 0.00174482
83 0.00187119
84 0.00201219
85 0.00217687
86 0.00236399
87 0.0025978
88 0.00289172
89 0.00324873
90 0.00366959
91 0.00414787
92 0.00493023
93 0.00612747
94 0.00772605
95 0.00994975
96 0.0131138
97 0.0204862
98 0.0354953
99 0.0553399
100 0.0756865
