1 3.78889e-06
2 7.44649e-06
3 1.12142e-05
4 1.49107e-05
5 1.8861e-05
6 2.32404e-05
7 2.77532e-05
8 3.24981e-05
9 3.71346e-05
10 4.18328e-05
11 4.6631e-05
12 5.14564e-05
13 5.63153e-05
14 6.13633e-05
15 6.66272e-05
16 7.19859e-05
17 7.7499e-05
18 8.31848e-05
19 8.89979e-05
20 9.4864e-05
21 0.000100854
22 0.000106953
23 0.000113106
24 0.000119352
25 0.000125854
26 0.000132503
27 0.000139315
28 0.000146288
29 0.000153475
30 0.000160932
31 0.000168663
32 0.000176506
33 0.000184551
34 0.00019291
35 0.000201429
36 0.000210184
37 0.00021927
38 0.00022852
39 0.000238064
40 0.00024815
41 0.000258432
42 0.000268926
43 0.000279764
44 0.000291006
45 0.000302727
46 0.000314718
47 0.000327082
48 0.000340201
49 0.0003537
50 0.000367953
51 0.000382654
52 0.000397773
53 0.000413121
54 0.000429153
55 0.000446004
56 0.000463771
57 0.00048208
58 0.000500876
59 0.000520054
60 0.000539974
61 0.000561203
62 0.000583525
63 0.000606925
64 0.000631888
65 0.000658903
66 0.00068766
67 0.000717951
68 0.000749859
69 0.000783262
70 0.000819597
71 0.000858022
72 0.000900403
73 0.000945386
74 0.000993
75 0.00104389
76 0.00110068
77 0.00116328
78 0.00122854
79 0.00130236
80 0.00138189
81 0.001468
82 0.0015659
83 0.00167382
84 0.00179758
85 0.00194069
86 0.00209737
87 0.00227018
88 0.00246729
89 0.00269528
90 0.00295856
91 0.00324925
92 0.00360817
93 0.00401132
94 0.00454231
95 0.00536211
96 0.00645706
97 0.00768712
98 0.00939526
99 0.0120092
100 0.0172585
