1 4.17597e-06
2 8.84869e-06
3 1.33898e-05
4 1.79062e-05
5 2.25869e-05
6 2.73185e-05
7 3.20617e-05
8 3.69211e-05
9 4.19908e-05
10 4.71022e-05
11 5.22919e-05
12 5.76437e-05
13 6.30018e-05
14 6.85834e-05
15 7.43511e-05
16 8.02391e-05
17 8.62537e-05
18 9.24718e-05
19 9.88732e-05
20 0.000105525
21 0.000112302
22 0.000119134
23 0.000126163
24 0.000133299
25 0.000140506
26 0.000147801
27 0.000155155
28 0.00016264
29 0.00017038
30 0.000178324
31 0.00018666
32 0.000195164
33 0.000203901
34 0.000212945
35 0.000222267
36 0.00023184
37 0.000241809
38 0.000252126
39 0.000262593
40 0.000273592
41 0.0002849
42 0.000296513
43 0.000308651
44 0.000321092
45 0.000334203
46 0.000347921
47 0.000361997
48 0.000376588
49 0.000392049
50 0.000408147
51 0.000424896
52 0.000442465
53 0.000460798
54 0.000479925
55 0.000500563
56 0.000522067
57 0.000544403
58 0.000567349
59 0.000591392
60 0.000616927
61 0.000643622
62 0.000672481
63 0.000702449
64 0.000734514
65 0.000767661
66 0.00080481
67 0.000845749
68 0.000888341
69 0.000932372
70 0.000980072
71 0.00103103
72 0.00108445
73 0.00114189
74 0.00120199
75 0.00126613
76 0.00133571
77 0.00141123
78 0.00149123
79 0.00157609
80 0.00167282
81 0.00177612
82 0.00189034
83 0.0020282
84 0.00219392
85 0.0023865
86 0.00259723
87 0.00283061
88 0.00310308
89 0.00342999
90 0.00381174
91 0.00433411
92 0.00506697
93 0.00619218
94 0.00801909
95 0.0103451
96 0.0131715
97 0.0171145
98 0.0235878
99 0.0465632
100 0.0796945
