1 4.18824e-06
2 8.94323e-06
3 1.34327e-05
4 1.77521e-05
5 2.19965e-05
6 2.63478e-05
7 3.0808e-05
8 3.54799e-05
9 4.0292e-05
10 4.52349e-05
11 5.02202e-05
12 5.53235e-05
13 6.0462e-05
14 6.56363e-05
15 7.08748e-05
16 7.6296e-05
17 8.17456e-05
18 8.74281e-05
19 9.34418e-05
20 9.96881e-05
21 0.000106146
22 0.00011275
23 0.000119455
24 0.000126318
25 0.000133303
26 0.000140586
27 0.000148031
28 0.000155724
29 0.000163514
30 0.000171505
31 0.000179847
32 0.00018848
33 0.000197236
34 0.0002062
35 0.000215461
36 0.000224913
37 0.000234787
38 0.000245008
39 0.000255645
40 0.000266782
41 0.000278479
42 0.000290673
43 0.000303297
44 0.00031642
45 0.000329844
46 0.000343662
47 0.000358165
48 0.000372971
49 0.00038809
50 0.000403526
51 0.000419504
52 0.000436141
53 0.000454257
54 0.000473347
55 0.000492915
56 0.000513186
57 0.000534278
58 0.000556067
59 0.00057905
60 0.000603438
61 0.000629581
62 0.000657334
63 0.000686109
64 0.000715302
65 0.000745753
66 0.000779783
67 0.000815522
68 0.000853362
69 0.000893932
70 0.000938722
71 0.00098598
72 0.0010387
73 0.00109467
74 0.00115347
75 0.00121545
76 0.00128272
77 0.00135906
78 0.0014407
79 0.00153137
80 0.00163934
81 0.0017617
82 0.00191062
83 0.00208083
84 0.00227398
85 0.00249723
86 0.00277206
87 0.00308227
88 0.00342824
89 0.00380615
90 0.00427133
91 0.00483412
92 0.00553806
93 0.00634914
94 0.00730141
95 0.00846506
96 0.0113837
97 0.0153944
98 0.0225175
99 0.0344607
100 0.0631045
