1 4.00656e-06
2 8.11308e-06
3 1.18068e-05
4 1.61418e-05
5 2.08136e-05
6 2.57139e-05
7 3.07428e-05
8 3.56004e-05
9 4.05421e-05
10 4.57646e-05
11 5.11894e-05
12 5.67928e-05
13 6.24243e-05
14 6.82508e-05
15 7.4106e-05
16 8.00087e-05
17 8.60716e-05
18 9.22937e-05
19 9.86482e-05
20 0.00010513
21 0.000111956
22 0.000119016
23 0.000126272
24 0.000133683
25 0.000141239
26 0.00014887
27 0.000156728
28 0.000164895
29 0.000173246
30 0.000181953
31 0.000190964
32 0.000200328
33 0.000209781
34 0.000219406
35 0.000229297
36 0.000239344
37 0.000249752
38 0.00026067
39 0.000271844
40 0.000283576
41 0.000295754
42 0.000308472
43 0.000321908
44 0.00033567
45 0.000349825
46 0.000364395
47 0.000379405
48 0.000394908
49 0.000410954
50 0.000427743
51 0.000445585
52 0.000464213
53 0.000484096
54 0.000505012
55 0.000526752
56 0.000549134
57 0.000572252
58 0.000596077
59 0.000621302
60 0.000648396
61 0.00067725
62 0.000707789
63 0.000740652
64 0.000775577
65 0.000812913
66 0.000852735
67 0.000895802
68 0.000940753
69 0.000989699
70 0.00104658
71 0.00110568
72 0.00116862
73 0.00123584
74 0.00130737
75 0.00138985
76 0.00147918
77 0.00157638
78 0.00168476
79 0.00180848
80 0.00194261
81 0.00208706
82 0.00225216
83 0.00244432
84 0.00266758
85 0.00292386
86 0.00320528
87 0.00352401
88 0.00389657
89 0.00442057
90 0.00514282
91 0.00605875
92 0.00716635
93 0.00903824
94 0.0114008
95 0.0144915
96 0.0184455
97 0.0242704
98 0.0468232
99 0.0798792
100 0.112416
