1 4.78276e-06
2 9.588e-06
3 1.41493e-05
4 1.8543e-05
5 2.29591e-05
6 2.75484e-05
7 3.21345e-05
8 3.7111e-05
9 4.22768e-05
10 4.74813e-05
11 5.2793e-05
12 5.81696e-05
13 6.36378e-05
14 6.92308e-05
15 7.49205e-05
16 8.0722e-05
17 8.66398e-05
18 9.26355e-05
19 9.8795e-05
20 0.000105014
21 0.000111382
22 0.000117986
23 0.000124627
24 0.000131414
25 0.000138297
26 0.000145287
27 0.000152457
28 0.000159785
29 0.000167418
30 0.000175391
31 0.000183539
32 0.000191825
33 0.00020034
34 0.000209128
35 0.000218166
36 0.000227535
37 0.000237286
38 0.000247437
39 0.00025783
40 0.000268529
41 0.000279471
42 0.000290724
43 0.000302465
44 0.000314543
45 0.000327074
46 0.000340019
47 0.000353595
48 0.000367904
49 0.000383051
50 0.000398619
51 0.000414599
52 0.000431423
53 0.000449307
54 0.00046789
55 0.000487256
56 0.000507327
57 0.000527992
58 0.000549322
59 0.000570942
60 0.00059332
61 0.000616572
62 0.000641145
63 0.000666966
64 0.000694214
65 0.000722991
66 0.000753039
67 0.000784836
68 0.000818911
69 0.000855081
70 0.000893471
71 0.000934063
72 0.000978041
73 0.00102441
74 0.00107277
75 0.00112319
76 0.00117734
77 0.00123714
78 0.0013023
79 0.00137445
80 0.00145125
81 0.00153639
82 0.00163201
83 0.00173844
84 0.00186354
85 0.00201119
86 0.00217738
87 0.00236704
88 0.00259187
89 0.00284475
90 0.00318593
91 0.00361311
92 0.00424763
93 0.00505084
94 0.00600292
95 0.0070952
96 0.00852715
97 0.0107084
98 0.0149676
99 0.0235683
100 0.035603
