1 3.82942e-06
2 7.69708e-06
3 1.13766e-05
4 1.53446e-05
5 1.97381e-05
6 2.43913e-05
7 2.9356e-05
8 3.46473e-05
9 4.01484e-05
10 4.56184e-05
11 5.11916e-05
12 5.69278e-05
13 6.26844e-05
14 6.84969e-05
15 7.44924e-05
16 8.06899e-05
17 8.70147e-05
18 9.34703e-05
19 9.99482e-05
20 0.000106437
21 0.000113027
22 0.000119725
23 0.000126647
24 0.000133621
25 0.000140812
26 0.000148237
27 0.000155896
28 0.000163869
29 0.000172081
30 0.000180587
31 0.000189274
32 0.000198222
33 0.000207424
34 0.000217016
35 0.000226966
36 0.000237012
37 0.000247295
38 0.000257758
39 0.000268563
40 0.00027972
41 0.000291242
42 0.000303118
43 0.000315181
44 0.000327552
45 0.000340427
46 0.000353928
47 0.000367927
48 0.000382572
49 0.000397879
50 0.000413435
51 0.000429962
52 0.000447205
53 0.000464777
54 0.000483114
55 0.000502477
56 0.00052222
57 0.000543063
58 0.00056542
59 0.000589033
60 0.000613754
61 0.000639609
62 0.000666685
63 0.000694819
64 0.00072418
65 0.00075519
66 0.000788411
67 0.000822773
68 0.000860189
69 0.000900032
70 0.000942156
71 0.000985357
72 0.00103094
73 0.00107927
74 0.00113082
75 0.00118705
76 0.00124873
77 0.00131674
78 0.00138826
79 0.0014657
80 0.00155012
81 0.00164592
82 0.00175613
83 0.00187449
84 0.00200202
85 0.00214122
86 0.0022992
87 0.00247344
88 0.00270392
89 0.00297264
90 0.00335579
91 0.0038631
92 0.00445437
93 0.00529807
94 0.00644102
95 0.00781276
96 0.00968861
97 0.0125936
98 0.0173635
99 0.0285086
100 0.0610926
