1 3.84464e-06
2 7.43883e-06
3 1.12923e-05
4 1.55946e-05
5 1.99104e-05
6 2.40458e-05
7 2.84738e-05
8 3.30863e-05
9 3.77973e-05
10 4.25097e-05
11 4.72685e-05
12 5.23113e-05
13 5.74612e-05
14 6.27321e-05
15 6.825e-05
16 7.39578e-05
17 7.97315e-05
18 8.56285e-05
19 9.16226e-05
20 9.77424e-05
21 0.000104063
22 0.000110495
23 0.000117173
24 0.000124128
25 0.000131319
26 0.000138808
27 0.000146454
28 0.000154117
29 0.000161944
30 0.000170178
31 0.000178687
32 0.000187549
33 0.000196448
34 0.000205546
35 0.000214903
36 0.000224521
37 0.000234402
38 0.000244573
39 0.000255043
40 0.000265782
41 0.000276817
42 0.000288219
43 0.000299956
44 0.000312113
45 0.000324821
46 0.00033807
47 0.000351861
48 0.000366289
49 0.000381354
50 0.000396916
51 0.000413126
52 0.0004298
53 0.000447138
54 0.000465331
55 0.000484538
56 0.000504665
57 0.000525442
58 0.000546835
59 0.000569641
60 0.000594034
61 0.000619429
62 0.00064643
63 0.0006751
64 0.000704826
65 0.000736236
66 0.000770318
67 0.000807251
68 0.000846681
69 0.000888511
70 0.000932818
71 0.000979491
72 0.00102915
73 0.00108285
74 0.00114309
75 0.0012061
76 0.00127399
77 0.0013511
78 0.00143363
79 0.00151987
80 0.00161439
81 0.00171675
82 0.00183019
83 0.0019617
84 0.00211303
85 0.00227871
86 0.00246785
87 0.00267631
88 0.00289943
89 0.00314532
90 0.00346717
91 0.00383441
92 0.00423935
93 0.004704
94 0.00536034
95 0.00620718
96 0.00756256
97 0.0094113
98 0.0136269
99 0.0248813
100 0.047078
