1 4.40428e-06
2 9.05716e-06
3 1.34442e-05
4 1.76613e-05
5 2.20041e-05
6 2.66537e-05
7 3.13603e-05
8 3.61494e-05
9 4.10749e-05
10 4.59862e-05
11 5.103e-05
12 5.61681e-05
13 6.13767e-05
14 6.66373e-05
15 7.20701e-05
16 7.77298e-05
17 8.36271e-05
18 8.96816e-05
19 9.59061e-05
20 0.00010234
21 0.000108808
22 0.000115456
23 0.000122181
24 0.000128958
25 0.000135928
26 0.00014311
27 0.000150439
28 0.000157882
29 0.000165564
30 0.000173488
31 0.000181638
32 0.000190064
33 0.00019868
34 0.000207577
35 0.000216656
36 0.000225872
37 0.000235202
38 0.000244761
39 0.000254669
40 0.000265255
41 0.000276264
42 0.00028786
43 0.000300016
44 0.000312712
45 0.00032587
46 0.000339735
47 0.000354246
48 0.000369322
49 0.00038489
50 0.000401279
51 0.000418349
52 0.000436279
53 0.000454993
54 0.000474496
55 0.000494943
56 0.000515852
57 0.000537702
58 0.000560342
59 0.000584367
60 0.000609418
61 0.000635858
62 0.000663515
63 0.000691809
64 0.000721852
65 0.000754471
66 0.000788616
67 0.000823941
68 0.000860843
69 0.00089923
70 0.000939757
71 0.00098443
72 0.00103288
73 0.00108372
74 0.00113871
75 0.00119584
76 0.00125759
77 0.00132681
78 0.00140097
79 0.00148325
80 0.0015779
81 0.00168992
82 0.00181093
83 0.00194373
84 0.00209688
85 0.00226967
86 0.00246458
87 0.00268499
88 0.0029533
89 0.00327651
90 0.00363874
91 0.00411527
92 0.00470727
93 0.00545236
94 0.00639922
95 0.00799451
96 0.0115282
97 0.0168853
98 0.0284296
99 0.0546825
100 0.0847347
