1 3.69845e-06
2 7.88943e-06
3 1.20049e-05
4 1.64494e-05
5 2.13131e-05
6 2.6176e-05
7 3.09958e-05
8 3.5858e-05
9 4.07732e-05
10 4.56696e-05
11 5.07089e-05
12 5.57978e-05
13 6.10125e-05
14 6.63021e-05
15 7.16386e-05
16 7.71505e-05
17 8.2907e-05
18 8.8907e-05
19 9.50227e-05
20 0.000101283
21 0.000107761
22 0.000114492
23 0.000121407
24 0.000128466
25 0.000135785
26 0.000143196
27 0.000150793
28 0.000158915
29 0.000167744
30 0.000176853
31 0.000186265
32 0.00019589
33 0.000205877
34 0.000216077
35 0.000226347
36 0.000237023
37 0.000248079
38 0.000259605
39 0.000271341
40 0.000283216
41 0.000295528
42 0.000308384
43 0.00032159
44 0.000335354
45 0.000349752
46 0.00036445
47 0.000379779
48 0.000396019
49 0.000412906
50 0.000430352
51 0.000448505
52 0.000467219
53 0.000486757
54 0.000507101
55 0.000529026
56 0.000552083
57 0.000576422
58 0.000601988
59 0.000629064
60 0.000657977
61 0.000688907
62 0.000721644
63 0.000756315
64 0.000793285
65 0.000831236
66 0.000870669
67 0.00091233
68 0.000956086
69 0.00100196
70 0.00104947
71 0.00109886
72 0.00115079
73 0.00120833
74 0.00127068
75 0.00133772
76 0.00140729
77 0.00148049
78 0.0015589
79 0.00164381
80 0.00174275
81 0.00185117
82 0.00197192
83 0.00210758
84 0.00225581
85 0.00241884
86 0.00260348
87 0.00282421
88 0.00310962
89 0.0035978
90 0.0041835
91 0.00482756
92 0.0055521
93 0.00640462
94 0.007341
95 0.00852322
96 0.0102322
97 0.0124998
98 0.0155961
99 0.0245067
100 0.0502799
