1 3.72091e-06
2 7.74506e-06
3 1.21781e-05
4 1.64261e-05
5 2.08704e-05
6 2.54391e-05
7 3.01204e-05
8 3.46719e-05
9 3.9278e-05
10 4.39635e-05
11 4.8778e-05
12 5.3711e-05
13 5.88377e-05
14 6.40886e-05
15 6.94593e-05
16 7.48951e-05
17 8.04389e-05
18 8.61318e-05
19 9.19457e-05
20 9.78763e-05
21 0.000104022
22 0.000110292
23 0.00011674
24 0.000123287
25 0.000130084
26 0.000137029
27 0.00014418
28 0.000151558
29 0.000159215
30 0.000167128
31 0.000175291
32 0.000183623
33 0.000192209
34 0.000201056
35 0.000210164
36 0.000219351
37 0.000228923
38 0.000238685
39 0.000248894
40 0.000259622
41 0.000270546
42 0.000281886
43 0.000293511
44 0.000305617
45 0.000318462
46 0.000331948
47 0.000346247
48 0.00036162
49 0.000377252
50 0.00039336
51 0.000410663
52 0.000428548
53 0.000447312
54 0.000466951
55 0.0004876
56 0.000509467
57 0.000532403
58 0.000556245
59 0.000580964
60 0.00060727
61 0.000635146
62 0.000664048
63 0.000694369
64 0.000725786
65 0.00075858
66 0.000793637
67 0.000830536
68 0.000870257
69 0.000911664
70 0.000956653
71 0.00100661
72 0.00105987
73 0.00111831
74 0.00118058
75 0.00124665
76 0.00131844
77 0.00139642
78 0.00147744
79 0.0015678
80 0.00167263
81 0.00180028
82 0.00195311
83 0.00212343
84 0.0023103
85 0.00252933
86 0.00276877
87 0.00303417
88 0.00333389
89 0.00369425
90 0.00411388
91 0.00457681
92 0.0050984
93 0.0056897
94 0.00638742
95 0.00742953
96 0.00939092
97 0.0121399
98 0.0156647
99 0.0219951
100 0.0409545
