1 4.70315e-06
2 8.60043e-06
3 1.27652e-05
4 1.69148e-05
5 2.12764e-05
6 2.55614e-05
7 3.00132e-05
8 3.45099e-05
9 3.91366e-05
10 4.38263e-05
11 4.88332e-05
12 5.39747e-05
13 5.91748e-05
14 6.46787e-05
15 7.02759e-05
16 7.59565e-05
17 8.17179e-05
18 8.76507e-05
19 9.37678e-05
20 0.00010011
21 0.000106536
22 0.000113164
23 0.000119887
24 0.000126668
25 0.000133535
26 0.000140712
27 0.000147988
28 0.000155562
29 0.000163272
30 0.00017112
31 0.000179216
32 0.000187646
33 0.000196337
34 0.000205316
35 0.000214582
36 0.000224053
37 0.000233805
38 0.000244137
39 0.000254771
40 0.000265548
41 0.000276415
42 0.000287624
43 0.000299357
44 0.000311482
45 0.000324099
46 0.000337557
47 0.000351495
48 0.000365825
49 0.000380612
50 0.000395911
51 0.000412294
52 0.000429905
53 0.000448177
54 0.00046731
55 0.000487323
56 0.000507917
57 0.000529188
58 0.000551413
59 0.000574434
60 0.000598597
61 0.000623097
62 0.000648345
63 0.000674266
64 0.000701607
65 0.000729746
66 0.000760248
67 0.000792173
68 0.000826065
69 0.000861757
70 0.000900034
71 0.000939817
72 0.000982678
73 0.00102808
74 0.00107751
75 0.00113096
76 0.0011887
77 0.00125198
78 0.0013194
79 0.00139466
80 0.00147945
81 0.00157139
82 0.00167651
83 0.0017938
84 0.00193032
85 0.0020864
86 0.00226199
87 0.00245134
88 0.002655
89 0.00287562
90 0.00312439
91 0.00339717
92 0.00370632
93 0.00405838
94 0.00452419
95 0.00521871
96 0.00617424
97 0.00741118
98 0.00971721
99 0.0137004
100 0.0279529
