1 3.88649e-06
2 8.20668e-06
3 1.24057e-05
4 1.65366e-05
5 2.04882e-05
6 2.43767e-05
7 2.84514e-05
8 3.26641e-05
9 3.71765e-05
10 4.20159e-05
11 4.69642e-05
12 5.20621e-05
13 5.72033e-05
14 6.23558e-05
15 6.75069e-05
16 7.28406e-05
17 7.8384e-05
18 8.4131e-05
19 8.99989e-05
20 9.59642e-05
21 0.000102092
22 0.000108393
23 0.000114933
24 0.000121658
25 0.000128534
26 0.000135606
27 0.000142854
28 0.00015041
29 0.000158286
30 0.000166457
31 0.000174779
32 0.000183255
33 0.000191966
34 0.000201012
35 0.000210298
36 0.000220012
37 0.000230051
38 0.000240342
39 0.000250936
40 0.00026168
41 0.00027275
42 0.00028411
43 0.00029592
44 0.000308145
45 0.000320659
46 0.000333499
47 0.000346836
48 0.000360788
49 0.000375238
50 0.000390365
51 0.000406147
52 0.000422479
53 0.000439249
54 0.00045658
55 0.000474592
56 0.000493454
57 0.000512916
58 0.000533591
59 0.000555244
60 0.000578462
61 0.000603018
62 0.000628569
63 0.000655462
64 0.000683757
65 0.000713669
66 0.000744876
67 0.000778917
68 0.00081567
69 0.000855276
70 0.000897158
71 0.000941024
72 0.000987806
73 0.00103743
74 0.00109035
75 0.00114645
76 0.00120713
77 0.0012758
78 0.00134874
79 0.00142702
80 0.00151208
81 0.00160451
82 0.00170926
83 0.00182854
84 0.00196291
85 0.00211861
86 0.00229314
87 0.00248512
88 0.00273538
89 0.00302084
90 0.00335567
91 0.00372874
92 0.00414143
93 0.00464565
94 0.00522429
95 0.00603535
96 0.00742778
97 0.00940176
98 0.0133103
99 0.0193744
100 0.0281911
