1 4.87483e-06
2 9.49072e-06
3 1.39008e-05
4 1.81834e-05
5 2.26228e-05
6 2.71818e-05
7 3.19829e-05
8 3.68489e-05
9 4.17814e-05
10 4.69585e-05
11 5.21821e-05
12 5.7438e-05
13 6.26572e-05
14 6.8066e-05
15 7.37698e-05
16 7.97245e-05
17 8.58249e-05
18 9.203e-05
19 9.83836e-05
20 0.000104801
21 0.000111238
22 0.000117843
23 0.000124689
24 0.000131646
25 0.000138719
26 0.000145838
27 0.000153028
28 0.000160375
29 0.000167898
30 0.000175665
31 0.00018369
32 0.000191998
33 0.00020058
34 0.000209428
35 0.00021852
36 0.00022791
37 0.000237608
38 0.000247776
39 0.000258644
40 0.00027038
41 0.000282587
42 0.000295302
43 0.00030849
44 0.000322153
45 0.000336157
46 0.000350663
47 0.000365689
48 0.000381341
49 0.000397492
50 0.000414363
51 0.000432026
52 0.00045032
53 0.000468992
54 0.000488273
55 0.000508895
56 0.000530326
57 0.000552308
58 0.000575256
59 0.000599771
60 0.000624843
61 0.00065098
62 0.000678504
63 0.000707
64 0.00073685
65 0.000768071
66 0.000800953
67 0.000834668
68 0.000870106
69 0.000907175
70 0.000946842
71 0.000990302
72 0.00103721
73 0.00108725
74 0.00114157
75 0.00120132
76 0.00126679
77 0.00133763
78 0.00141343
79 0.00149743
80 0.00158874
81 0.00169572
82 0.00181417
83 0.00195169
84 0.00210391
85 0.00228201
86 0.00247836
87 0.00270133
88 0.00296954
89 0.00327116
90 0.00362528
91 0.00408361
92 0.00467643
93 0.00545754
94 0.00646038
95 0.0077364
96 0.00930142
97 0.0118025
98 0.0163348
99 0.0259246
100 0.0590155
