1 4.7703e-06
2 9.19244e-06
3 1.355e-05
4 1.79873e-05
5 2.23887e-05
6 2.6826e-05
7 3.1382e-05
8 3.61834e-05
9 4.1068e-05
10 4.60765e-05
11 5.10882e-05
12 5.62643e-05
13 6.15883e-05
14 6.69677e-05
15 7.23448e-05
16 7.78063e-05
17 8.35365e-05
18 8.9495e-05
19 9.58382e-05
20 0.000102227
21 0.000108703
22 0.000115433
23 0.000122361
24 0.000129328
25 0.000136524
26 0.000143879
27 0.000151277
28 0.000158809
29 0.000166599
30 0.00017472
31 0.000182986
32 0.000191567
33 0.000200299
34 0.00020916
35 0.000218243
36 0.000227558
37 0.000237331
38 0.000247415
39 0.000257732
40 0.000268322
41 0.000279129
42 0.000290271
43 0.000301614
44 0.000313301
45 0.000325588
46 0.0003383
47 0.000351353
48 0.000365001
49 0.000379809
50 0.000395265
51 0.000411442
52 0.000428453
53 0.000446099
54 0.000464803
55 0.000484296
56 0.000504606
57 0.000525684
58 0.000547415
59 0.000570612
60 0.000594444
61 0.000619893
62 0.000646592
63 0.00067452
64 0.00070389
65 0.000735605
66 0.000769287
67 0.000804264
68 0.000840888
69 0.000880531
70 0.000922938
71 0.000967824
72 0.00101534
73 0.00106673
74 0.00112314
75 0.00118207
76 0.00124488
77 0.00131373
78 0.00139116
79 0.00147496
80 0.00156297
81 0.00166061
82 0.0017694
83 0.00189158
84 0.00202929
85 0.00218199
86 0.00235023
87 0.00255717
88 0.00279903
89 0.00308585
90 0.00343012
91 0.00384972
92 0.00436654
93 0.00502986
94 0.00594337
95 0.00721225
96 0.00874151
97 0.0106641
98 0.0137977
99 0.0186389
100 0.0370355
