1 3.2617e-06
2 6.91293e-06
3 1.09297e-05
4 1.52461e-05
5 1.97091e-05
6 2.42862e-05
7 2.88268e-05
8 3.34515e-05
9 3.81833e-05
10 4.31165e-05
11 4.81956e-05
12 5.3296e-05
13 5.85472e-05
14 6.39591e-05
15 6.96042e-05
16 7.53767e-05
17 8.11873e-05
18 8.71037e-05
19 9.31111e-05
20 9.93231e-05
21 0.000105734
22 0.000112328
23 0.000119089
24 0.000126048
25 0.000133207
26 0.000140428
27 0.000147896
28 0.000155534
29 0.000163383
30 0.000171545
31 0.000179877
32 0.000188352
33 0.000197057
34 0.000205964
35 0.000215107
36 0.000224431
37 0.000234045
38 0.000243887
39 0.000253918
40 0.000264136
41 0.000274726
42 0.00028572
43 0.000297217
44 0.000309016
45 0.000321157
46 0.000333552
47 0.000346487
48 0.000360359
49 0.000374741
50 0.000389705
51 0.000405076
52 0.000421196
53 0.000437917
54 0.000455115
55 0.000473043
56 0.000491991
57 0.000512035
58 0.000533049
59 0.000555093
60 0.000577814
61 0.000601151
62 0.000626073
63 0.000652128
64 0.000679795
65 0.000709389
66 0.000740776
67 0.000773715
68 0.000807145
69 0.000842715
70 0.000879916
71 0.000920162
72 0.000962245
73 0.00100566
74 0.00105142
75 0.00110098
76 0.0011545
77 0.00121241
78 0.00127529
79 0.00134333
80 0.00141963
81 0.00150312
82 0.00158942
83 0.00167903
84 0.00177901
85 0.00188994
86 0.00201806
87 0.00216778
88 0.00234581
89 0.00256341
90 0.00281132
91 0.00308103
92 0.00338142
93 0.00372798
94 0.0041561
95 0.00480049
96 0.00557774
97 0.00697302
98 0.00880961
99 0.0111637
100 0.0146765
