1 4.68327e-06
2 9.42646e-06
3 1.40021e-05
4 1.86097e-05
5 2.30559e-05
6 2.7609e-05
7 3.22403e-05
8 3.69304e-05
9 4.15578e-05
10 4.62256e-05
11 5.10597e-05
12 5.61655e-05
13 6.14188e-05
14 6.68002e-05
15 7.2395e-05
16 7.81929e-05
17 8.40111e-05
18 8.99776e-05
19 9.60603e-05
20 0.000102218
21 0.000108383
22 0.000114705
23 0.000121202
24 0.000127999
25 0.000135032
26 0.000142386
27 0.000149938
28 0.000157683
29 0.000165787
30 0.000174071
31 0.000182613
32 0.000191363
33 0.000200338
34 0.000209486
35 0.000218775
36 0.000228289
37 0.000238183
38 0.000248405
39 0.000259032
40 0.000270074
41 0.000281506
42 0.000293311
43 0.000305755
44 0.00031875
45 0.000332136
46 0.000345855
47 0.000359994
48 0.000374635
49 0.000390039
50 0.000406286
51 0.000423512
52 0.000441776
53 0.000460781
54 0.000480471
55 0.000500869
56 0.000522068
57 0.000544263
58 0.000566883
59 0.000590043
60 0.00061381
61 0.000638947
62 0.000665931
63 0.000695462
64 0.000726807
65 0.000760269
66 0.00079575
67 0.000832811
68 0.000871406
69 0.000912246
70 0.000955134
71 0.00100093
72 0.00105035
73 0.00110394
74 0.00116272
75 0.00122611
76 0.0012959
77 0.00137251
78 0.00145907
79 0.00155592
80 0.00166885
81 0.00179447
82 0.00195722
83 0.00214249
84 0.00236401
85 0.00268614
86 0.00307122
87 0.0035154
88 0.00401193
89 0.00481623
90 0.00595801
91 0.00738808
92 0.00907005
93 0.0112478
94 0.0144695
95 0.0183578
96 0.0255017
97 0.035892
98 0.0514798
99 0.0900328
100 0.128992
