1 3.63733e-06
2 7.51653e-06
3 1.14293e-05
4 1.53908e-05
5 1.97306e-05
6 2.42347e-05
7 2.89532e-05
8 3.37447e-05
9 3.85986e-05
10 4.34317e-05
11 4.84806e-05
12 5.34978e-05
13 5.8647e-05
14 6.38871e-05
15 6.92367e-05
16 7.45497e-05
17 8.00044e-05
18 8.5793e-05
19 9.16725e-05
20 9.7668e-05
21 0.000103726
22 0.000110041
23 0.000116482
24 0.000123081
25 0.000129859
26 0.000136789
27 0.000143796
28 0.000150968
29 0.000158353
30 0.000165813
31 0.000173547
32 0.000181473
33 0.000189699
34 0.000198234
35 0.000207111
36 0.000216171
37 0.000225477
38 0.00023512
39 0.000245225
40 0.000255759
41 0.000266493
42 0.0002774
43 0.00028856
44 0.000300268
45 0.000312185
46 0.000324656
47 0.000337596
48 0.000350869
49 0.000364721
50 0.000379288
51 0.000394539
52 0.000410318
53 0.000426751
54 0.000443902
55 0.000461781
56 0.000480004
57 0.000498709
58 0.000517987
59 0.000537729
60 0.000558523
61 0.000580211
62 0.000603096
63 0.000626669
64 0.000651394
65 0.000678246
66 0.000706908
67 0.000736975
68 0.000769282
69 0.000802852
70 0.00083882
71 0.000879738
72 0.000924758
73 0.000973071
74 0.00102472
75 0.00107989
76 0.00113918
77 0.00120251
78 0.00127115
79 0.00134624
80 0.00143116
81 0.00152557
82 0.00163177
83 0.0017488
84 0.00191001
85 0.00209961
86 0.00230731
87 0.00252946
88 0.00277664
89 0.00305697
90 0.00336247
91 0.0037151
92 0.0041268
93 0.00465831
94 0.00528305
95 0.00606881
96 0.00728326
97 0.0089589
98 0.0114303
99 0.015081
100 0.0208859
