1 4.29568e-06
2 8.11015e-06
3 1.21394e-05
4 1.65319e-05
5 2.10361e-05
6 2.55579e-05
7 3.00765e-05
8 3.47844e-05
9 3.96633e-05
10 4.46473e-05
11 4.97818e-05
12 5.4985e-05
13 6.03844e-05
14 6.59421e-05
15 7.17205e-05
16 7.77073e-05
17 8.38441e-05
18 9.00138e-05
19 9.62334e-05
20 0.000102671
21 0.000109514
22 0.000116449
23 0.00012367
24 0.000131043
25 0.000138559
26 0.000146226
27 0.000154047
28 0.000161912
29 0.00016974
30 0.000177731
31 0.000185997
32 0.00019452
33 0.000203262
34 0.000212079
35 0.000221203
36 0.000230474
37 0.000240054
38 0.000249952
39 0.00025998
40 0.000270136
41 0.000280484
42 0.000291128
43 0.000302341
44 0.000313961
45 0.00032622
46 0.000339191
47 0.000352948
48 0.000367346
49 0.000382008
50 0.000397244
51 0.000413182
52 0.000429975
53 0.000447628
54 0.000466126
55 0.000485615
56 0.000506141
57 0.000527771
58 0.000550152
59 0.000573873
60 0.000598796
61 0.000625088
62 0.00065328
63 0.00068298
64 0.000713843
65 0.000746289
66 0.000781408
67 0.000818065
68 0.000855548
69 0.0008938
70 0.000935852
71 0.000981134
72 0.00103
73 0.0010822
74 0.00113882
75 0.00119909
76 0.00126583
77 0.00134518
78 0.00143372
79 0.00152677
80 0.00163078
81 0.00174441
82 0.00187108
83 0.00201763
84 0.00217519
85 0.00234853
86 0.00255378
87 0.00278212
88 0.00304302
89 0.00332949
90 0.00366957
91 0.00408338
92 0.00462106
93 0.00533982
94 0.0062257
95 0.00726831
96 0.00871543
97 0.0116548
98 0.015681
99 0.023454
100 0.0468175
