1 4.40323e-06
2 8.55069e-06
3 1.31418e-05
4 1.78575e-05
5 2.25291e-05
6 2.73003e-05
7 3.22814e-05
8 3.73099e-05
9 4.22665e-05
10 4.72792e-05
11 5.24593e-05
12 5.76436e-05
13 6.28901e-05
14 6.8332e-05
15 7.37967e-05
16 7.93322e-05
17 8.51389e-05
18 9.11199e-05
19 9.71545e-05
20 0.000103323
21 0.000109699
22 0.000116192
23 0.000122933
24 0.000130015
25 0.000137306
26 0.000144846
27 0.000152494
28 0.000160474
29 0.000168662
30 0.000177018
31 0.000185808
32 0.000194793
33 0.000204097
34 0.000213718
35 0.000223747
36 0.000234048
37 0.000244641
38 0.000255585
39 0.000266889
40 0.000278642
41 0.000290921
42 0.000303683
43 0.000316923
44 0.000330697
45 0.000345251
46 0.000360385
47 0.000375977
48 0.000391884
49 0.000408447
50 0.000425959
51 0.000443971
52 0.000462614
53 0.000482408
54 0.000503472
55 0.000525389
56 0.000547913
57 0.000571287
58 0.000596234
59 0.000622964
60 0.000651342
61 0.000680461
62 0.000710948
63 0.00074271
64 0.000775905
65 0.000811624
66 0.000849594
67 0.000889077
68 0.000931235
69 0.000975705
70 0.00102255
71 0.0010715
72 0.0011246
73 0.00118265
74 0.00124566
75 0.0013156
76 0.00139222
77 0.0014744
78 0.0015621
79 0.00165746
80 0.00176184
81 0.00187231
82 0.0020022
83 0.00215171
84 0.0023251
85 0.00251504
86 0.00272732
87 0.00297577
88 0.00328939
89 0.00370173
90 0.00419252
91 0.00474209
92 0.00540079
93 0.00621385
94 0.00715693
95 0.00881262
96 0.0107375
97 0.0145829
98 0.0192681
99 0.0304156
100 0.0494796
