1 4.30009e-06
2 8.7029e-06
3 1.31467e-05
4 1.7118e-05
5 2.12535e-05
6 2.55161e-05
7 2.99791e-05
8 3.43563e-05
9 3.88334e-05
10 4.35357e-05
11 4.82112e-05
12 5.29569e-05
13 5.7753e-05
14 6.26843e-05
15 6.76692e-05
16 7.27621e-05
17 7.81266e-05
18 8.3712e-05
19 8.94845e-05
20 9.54148e-05
21 0.00010162
22 0.000108068
23 0.000114621
24 0.000121223
25 0.000128
26 0.000134911
27 0.000141974
28 0.000149389
29 0.000156954
30 0.000164567
31 0.000172301
32 0.000180276
33 0.000188374
34 0.000196906
35 0.00020586
36 0.000215246
37 0.00022491
38 0.000234895
39 0.000245228
40 0.000255832
41 0.000266703
42 0.000277948
43 0.000289463
44 0.000301273
45 0.00031346
46 0.000326197
47 0.000339198
48 0.000352525
49 0.000366348
50 0.000380514
51 0.000394969
52 0.000410085
53 0.000426023
54 0.000442617
55 0.000459828
56 0.000477954
57 0.000496865
58 0.000516258
59 0.00053625
60 0.000557208
61 0.000579683
62 0.000603146
63 0.000628409
64 0.000655252
65 0.000683259
66 0.000712886
67 0.000744482
68 0.000778143
69 0.000813387
70 0.00085054
71 0.000889729
72 0.000931274
73 0.000975579
74 0.00102459
75 0.00107719
76 0.00113341
77 0.0011959
78 0.00126418
79 0.00133664
80 0.00141454
81 0.00150011
82 0.00159983
83 0.00171376
84 0.00183632
85 0.00197437
86 0.00212934
87 0.00231107
88 0.00255213
89 0.00283334
90 0.00316625
91 0.00363753
92 0.00419874
93 0.00486278
94 0.0057695
95 0.00693671
96 0.0089763
97 0.0120656
98 0.0160803
99 0.0221274
100 0.0331088
