1 3.86302e-06
2 7.92955e-06
3 1.16835e-05
4 1.55629e-05
5 1.98522e-05
6 2.41088e-05
7 2.83183e-05
8 3.24907e-05
9 3.67818e-05
10 4.10389e-05
11 4.55108e-05
12 5.00819e-05
13 5.47626e-05
14 5.94558e-05
15 6.42999e-05
16 6.93298e-05
17 7.44968e-05
18 7.9791e-05
19 8.52173e-05
20 9.07741e-05
21 9.65794e-05
22 0.000102641
23 0.000108856
24 0.000115219
25 0.000121665
26 0.000128348
27 0.000135254
28 0.000142305
29 0.000149732
30 0.000157456
31 0.000165346
32 0.000173422
33 0.000181644
34 0.00019005
35 0.00019881
36 0.000208161
37 0.000217786
38 0.000227806
39 0.000238037
40 0.000248364
41 0.00025914
42 0.000270444
43 0.000282046
44 0.000294192
45 0.000306763
46 0.000319888
47 0.000333576
48 0.000347813
49 0.000362488
50 0.000377526
51 0.000393187
52 0.00040944
53 0.00042628
54 0.000444067
55 0.000462511
56 0.000481798
57 0.00050218
58 0.000523684
59 0.000546134
60 0.00056963
61 0.000594198
62 0.000619945
63 0.000647698
64 0.000677096
65 0.000707811
66 0.000739401
67 0.000772472
68 0.000807401
69 0.000844764
70 0.000883902
71 0.0009246
72 0.00096995
73 0.00101898
74 0.00107183
75 0.00112846
76 0.00118814
77 0.00125317
78 0.00132367
79 0.0014008
80 0.00148691
81 0.00158255
82 0.00168351
83 0.0017934
84 0.00191905
85 0.00205986
86 0.00220858
87 0.00236746
88 0.00254341
89 0.00273852
90 0.00297415
91 0.00327603
92 0.0036299
93 0.00405386
94 0.00459059
95 0.0052444
96 0.00605832
97 0.00724462
98 0.00928725
99 0.0122387
100 0.0177253
