1 2.99832e-06
2 7.07119e-06
3 1.1924e-05
4 1.62108e-05
5 2.05406e-05
6 2.50006e-05
7 2.95554e-05
8 3.41297e-05
9 3.87886e-05
10 4.34409e-05
11 4.80727e-05
12 5.27999e-05
13 5.77344e-05
14 6.28631e-05
15 6.81166e-05
16 7.35852e-05
17 7.92451e-05
18 8.51196e-05
19 9.11696e-05
20 9.74219e-05
21 0.000103752
22 0.00011022
23 0.000116871
24 0.00012368
25 0.000130598
26 0.000137704
27 0.000145071
28 0.000152586
29 0.000160462
30 0.000168618
31 0.000176975
32 0.000185697
33 0.000194759
34 0.000204188
35 0.000213944
36 0.000224093
37 0.000234801
38 0.000245906
39 0.000257355
40 0.000269212
41 0.000281288
42 0.000293684
43 0.00030634
44 0.000319406
45 0.000333011
46 0.000347041
47 0.000361657
48 0.000376763
49 0.000392741
50 0.000409302
51 0.00042624
52 0.000443525
53 0.000461176
54 0.000479447
55 0.000498197
56 0.000517417
57 0.000537279
58 0.000558675
59 0.000581148
60 0.000604275
61 0.000628248
62 0.000653368
63 0.00067988
64 0.000708488
65 0.000739079
66 0.000771509
67 0.000805932
68 0.000842592
69 0.00088299
70 0.000925011
71 0.000970834
72 0.00102135
73 0.00107484
74 0.00113444
75 0.00119917
76 0.00127288
77 0.00135697
78 0.0014449
79 0.00153637
80 0.00163134
81 0.00173377
82 0.00184833
83 0.00197584
84 0.0021231
85 0.00229486
86 0.00249601
87 0.00271276
88 0.00295874
89 0.00323822
90 0.0035436
91 0.00391543
92 0.00439184
93 0.00499547
94 0.00576561
95 0.00673103
96 0.00811425
97 0.0100489
98 0.0132623
99 0.0169417
100 0.0264374
