1 4.03444e-06
2 8.44251e-06
3 1.25816e-05
4 1.73783e-05
5 2.20923e-05
6 2.66553e-05
7 3.11581e-05
8 3.58304e-05
9 4.05784e-05
10 4.54141e-05
11 5.02556e-05
12 5.50614e-05
13 5.9944e-05
14 6.49356e-05
15 7.00058e-05
16 7.52829e-05
17 8.06159e-05
18 8.60579e-05
19 9.16547e-05
20 9.73623e-05
21 0.000103407
22 0.000109695
23 0.000116178
24 0.000122769
25 0.000129487
26 0.000136361
27 0.000143533
28 0.000150967
29 0.000158817
30 0.000166903
31 0.000175331
32 0.000184039
33 0.000193041
34 0.000202337
35 0.000211852
36 0.000221619
37 0.000231781
38 0.000242275
39 0.000253068
40 0.000264196
41 0.000275664
42 0.000287772
43 0.000300325
44 0.000313159
45 0.000326362
46 0.000340173
47 0.00035465
48 0.000370067
49 0.000385913
50 0.00040219
51 0.000418862
52 0.000436346
53 0.000454336
54 0.000472831
55 0.00049204
56 0.000512871
57 0.000535056
58 0.000558557
59 0.000582796
60 0.00060828
61 0.000634721
62 0.000662208
63 0.000690716
64 0.000721566
65 0.000754894
66 0.000789811
67 0.000827023
68 0.000865599
69 0.000905844
70 0.000948424
71 0.000992501
72 0.00103845
73 0.00108708
74 0.00113827
75 0.00119326
76 0.00125368
77 0.00131942
78 0.00139201
79 0.00146952
80 0.00155208
81 0.00164083
82 0.00173632
83 0.00184206
84 0.00197297
85 0.00212788
86 0.00230143
87 0.00249322
88 0.00269765
89 0.00292605
90 0.00319836
91 0.00353085
92 0.00392314
93 0.00440612
94 0.00497078
95 0.00561652
96 0.0064552
97 0.00758263
98 0.0119959
99 0.0208688
100 0.0304078
