1 3.39479e-06
2 7.38898e-06
3 1.14473e-05
4 1.57211e-05
5 2.01193e-05
6 2.47843e-05
7 2.96741e-05
8 3.4683e-05
9 3.97641e-05
10 4.49799e-05
11 5.04349e-05
12 5.6102e-05
13 6.17014e-05
14 6.71776e-05
15 7.27742e-05
16 7.84227e-05
17 8.42574e-05
18 9.03207e-05
19 9.66057e-05
20 0.000103197
21 0.00011005
22 0.000116998
23 0.000123902
24 0.000130932
25 0.000138264
26 0.000145876
27 0.000153682
28 0.00016175
29 0.000169976
30 0.000178318
31 0.000186929
32 0.000195708
33 0.000204787
34 0.000214247
35 0.000223951
36 0.000234221
37 0.000244998
38 0.000256224
39 0.000267703
40 0.000279486
41 0.000291658
42 0.000304098
43 0.000317072
44 0.0003309
45 0.000345196
46 0.000359925
47 0.000375202
48 0.000391058
49 0.000407334
50 0.000424108
51 0.00044136
52 0.000459215
53 0.000477827
54 0.000497138
55 0.000517488
56 0.000538649
57 0.000560211
58 0.000583049
59 0.000607927
60 0.000634064
61 0.000662105
62 0.000691055
63 0.000721765
64 0.00075492
65 0.000789898
66 0.000827391
67 0.000866448
68 0.000909399
69 0.000956773
70 0.00100806
71 0.00106237
72 0.00112041
73 0.00118109
74 0.00124732
75 0.00131784
76 0.00139294
77 0.00147137
78 0.00155517
79 0.0016519
80 0.00175954
81 0.00187533
82 0.00200804
83 0.00215328
84 0.00231125
85 0.0024888
86 0.00268769
87 0.00289949
88 0.00312969
89 0.00339426
90 0.00369756
91 0.00405116
92 0.00453903
93 0.00510931
94 0.00592051
95 0.00705402
96 0.00891684
97 0.0115509
98 0.0151711
99 0.0216825
100 0.0305882
