1 4.26451e-06
2 8.2216e-06
3 1.20699e-05
4 1.60984e-05
5 2.01411e-05
6 2.42427e-05
7 2.86257e-05
8 3.31821e-05
9 3.78714e-05
10 4.27107e-05
11 4.77251e-05
12 5.28815e-05
13 5.827e-05
14 6.3668e-05
15 6.92572e-05
16 7.49791e-05
17 8.09525e-05
18 8.71636e-05
19 9.35555e-05
20 0.000100042
21 0.000106692
22 0.000113424
23 0.000120268
24 0.000127255
25 0.000134456
26 0.000141792
27 0.000149151
28 0.000156723
29 0.000164569
30 0.000172683
31 0.000180878
32 0.000189273
33 0.000197964
34 0.000206916
35 0.000216016
36 0.000225186
37 0.000234635
38 0.000244392
39 0.000254387
40 0.00026482
41 0.000275617
42 0.000286931
43 0.00029855
44 0.00031049
45 0.000322707
46 0.000335322
47 0.000348469
48 0.00036228
49 0.000376603
50 0.000391346
51 0.000406571
52 0.000422269
53 0.000438647
54 0.000455641
55 0.000473271
56 0.000491216
57 0.000510133
58 0.000530807
59 0.000552612
60 0.000575313
61 0.000599204
62 0.000624323
63 0.00065044
64 0.000678213
65 0.000707938
66 0.000739793
67 0.000775096
68 0.000813772
69 0.00085459
70 0.000897037
71 0.000942299
72 0.000989346
73 0.00104
74 0.00109691
75 0.00115793
76 0.00122239
77 0.00129012
78 0.0013625
79 0.00144302
80 0.00153445
81 0.00163092
82 0.00174349
83 0.00186492
84 0.00200085
85 0.00216081
86 0.00234196
87 0.00254808
88 0.0027758
89 0.00303039
90 0.00333412
91 0.00377653
92 0.0043452
93 0.00504429
94 0.00593873
95 0.00711382
96 0.00873235
97 0.0111061
98 0.017258
99 0.0276905
100 0.0395685
