1 3.95285e-06
2 8.16157e-06
3 1.25708e-05
4 1.7043e-05
5 2.1643e-05
6 2.64061e-05
7 3.12015e-05
8 3.62293e-05
9 4.14286e-05
10 4.6528e-05
11 5.1745e-05
12 5.70782e-05
13 6.2489e-05
14 6.79471e-05
15 7.34139e-05
16 7.91387e-05
17 8.51677e-05
18 9.12283e-05
19 9.73789e-05
20 0.000103609
21 0.000109881
22 0.000116358
23 0.000123113
24 0.0001302
25 0.000137548
26 0.00014503
27 0.000152651
28 0.000160519
29 0.00016855
30 0.000176755
31 0.000185157
32 0.000193907
33 0.000203086
34 0.000212605
35 0.000222422
36 0.000232484
37 0.000242804
38 0.000253383
39 0.000264488
40 0.000276012
41 0.000287778
42 0.000299886
43 0.000312571
44 0.000325625
45 0.000339116
46 0.000352879
47 0.000367325
48 0.000382417
49 0.000397938
50 0.000414078
51 0.000431054
52 0.000448898
53 0.000467355
54 0.000486486
55 0.000506612
56 0.000527634
57 0.000549482
58 0.00057237
59 0.000596615
60 0.000621888
61 0.000648144
62 0.00067514
63 0.000703345
64 0.000732628
65 0.000763712
66 0.00079678
67 0.000831248
68 0.000867372
69 0.000905085
70 0.00094503
71 0.000987876
72 0.00103311
73 0.00108171
74 0.00113311
75 0.00118677
76 0.00125309
77 0.00132889
78 0.0014115
79 0.0015016
80 0.00160248
81 0.00171289
82 0.00183485
83 0.00197789
84 0.00213496
85 0.00231874
86 0.00254009
87 0.00278618
88 0.00308539
89 0.00349082
90 0.00397178
91 0.00450228
92 0.00520228
93 0.00611525
94 0.00721973
95 0.00870066
96 0.010762
97 0.0138754
98 0.0182856
99 0.029955
100 0.0447716
