1 4.49484e-06
2 8.80741e-06
3 1.32321e-05
4 1.75486e-05
5 2.19431e-05
6 2.65982e-05
7 3.13673e-05
8 3.61542e-05
9 4.10086e-05
10 4.59496e-05
11 5.08937e-05
12 5.59496e-05
13 6.12146e-05
14 6.67236e-05
15 7.24147e-05
16 7.8117e-05
17 8.39378e-05
18 8.99038e-05
19 9.58401e-05
20 0.000101733
21 0.000107934
22 0.000114309
23 0.000120861
24 0.000127642
25 0.000134725
26 0.000142055
27 0.000149602
28 0.0001574
29 0.000165417
30 0.000173729
31 0.000182168
32 0.000190817
33 0.000199818
34 0.000209109
35 0.000218715
36 0.000228668
37 0.000239009
38 0.000249576
39 0.00026046
40 0.000272087
41 0.000284403
42 0.000297087
43 0.000310208
44 0.000323669
45 0.000337483
46 0.000351896
47 0.00036677
48 0.000382022
49 0.000397382
50 0.000412882
51 0.000429096
52 0.000446023
53 0.000463596
54 0.000481989
55 0.000501822
56 0.000522596
57 0.000544811
58 0.000568762
59 0.000594214
60 0.00062086
61 0.000648865
62 0.000678257
63 0.000709474
64 0.000742706
65 0.000776665
66 0.00081205
67 0.000850678
68 0.00089241
69 0.000937534
70 0.000987286
71 0.00104123
72 0.00109763
73 0.00115727
74 0.00122022
75 0.00128902
76 0.00136203
77 0.00144109
78 0.00152723
79 0.0016209
80 0.00172318
81 0.00183494
82 0.00197256
83 0.0021332
84 0.00231051
85 0.00252403
86 0.00276191
87 0.00302772
88 0.00332741
89 0.00370789
90 0.0041251
91 0.0045705
92 0.00506721
93 0.00563074
94 0.00641485
95 0.00735925
96 0.00852938
97 0.0106839
98 0.0139004
99 0.0180206
100 0.0255862
