1 5.91103e-06
2 9.89518e-06
3 1.38575e-05
4 1.813e-05
5 2.26104e-05
6 2.69579e-05
7 3.13588e-05
8 3.6197e-05
9 4.1227e-05
10 4.64451e-05
11 5.17599e-05
12 5.72302e-05
13 6.2777e-05
14 6.83078e-05
15 7.3886e-05
16 7.94806e-05
17 8.52338e-05
18 9.1111e-05
19 9.70166e-05
20 0.000103059
21 0.000109177
22 0.000115408
23 0.000121843
24 0.00012843
25 0.000135239
26 0.000142193
27 0.000149261
28 0.000156717
29 0.000164399
30 0.000172272
31 0.000180379
32 0.000188861
33 0.000197616
34 0.000206629
35 0.000215938
36 0.000225579
37 0.000235402
38 0.000245619
39 0.00025627
40 0.00026738
41 0.000279005
42 0.00029091
43 0.000303396
44 0.000316907
45 0.00033119
46 0.000346025
47 0.000361299
48 0.00037714
49 0.000393723
50 0.000411096
51 0.000428911
52 0.000447517
53 0.000466946
54 0.000487102
55 0.000507923
56 0.000529842
57 0.000552707
58 0.000577272
59 0.00060309
60 0.000629988
61 0.000657411
62 0.000686336
63 0.000718292
64 0.0007523
65 0.000787791
66 0.000825545
67 0.000864985
68 0.000906362
69 0.000952097
70 0.00100362
71 0.00105735
72 0.00111454
73 0.00117486
74 0.00124003
75 0.00131271
76 0.001393
77 0.00147747
78 0.00157508
79 0.00169338
80 0.00182626
81 0.00196983
82 0.00212925
83 0.00231516
84 0.00251904
85 0.00273513
86 0.00296328
87 0.00322152
88 0.0035255
89 0.00388596
90 0.00431932
91 0.00482886
92 0.00546721
93 0.00623095
94 0.00714379
95 0.0083457
96 0.0103772
97 0.013294
98 0.0200732
99 0.0320232
100 0.0685325
