1 3.97694e-06
2 8.27022e-06
3 1.25799e-05
4 1.66693e-05
5 2.07135e-05
6 2.49336e-05
7 2.93808e-05
8 3.40363e-05
9 3.89364e-05
10 4.41702e-05
11 4.95867e-05
12 5.5143e-05
13 6.0671e-05
14 6.62463e-05
15 7.19517e-05
16 7.78151e-05
17 8.38922e-05
18 9.01669e-05
19 9.67008e-05
20 0.000103333
21 0.00011015
22 0.000117117
23 0.000124201
24 0.000131437
25 0.000138835
26 0.000146333
27 0.000153973
28 0.00016171
29 0.000169661
30 0.000177857
31 0.000186391
32 0.000195237
33 0.000204451
34 0.00021392
35 0.000223734
36 0.000233647
37 0.000243823
38 0.000254241
39 0.0002649
40 0.000276147
41 0.000287624
42 0.000299514
43 0.000312078
44 0.000325028
45 0.000338307
46 0.000352154
47 0.000366412
48 0.000381046
49 0.000396207
50 0.00041211
51 0.000428731
52 0.00044624
53 0.000464883
54 0.000484663
55 0.000505605
56 0.000526855
57 0.000548421
58 0.000570554
59 0.00059321
60 0.000616561
61 0.000640854
62 0.000666089
63 0.000692499
64 0.000720986
65 0.000751189
66 0.000783541
67 0.000817748
68 0.000853808
69 0.000891969
70 0.000932021
71 0.000974697
72 0.00101986
73 0.00106852
74 0.00112068
75 0.00117682
76 0.0012386
77 0.00130505
78 0.00138018
79 0.00146472
80 0.00155325
81 0.00165059
82 0.00175972
83 0.00189864
84 0.00205428
85 0.00223022
86 0.00242061
87 0.00262474
88 0.00285093
89 0.0031208
90 0.0034239
91 0.00377944
92 0.00424041
93 0.00477336
94 0.00550585
95 0.00660425
96 0.00796701
97 0.0103945
98 0.0135525
99 0.0173054
100 0.0230477
